759 annonces au total
Prix moyen au m²: 2416€
Prix Surface
232000 77
50000 70
52720 65
54000 19
54000 31
56000 21
59900 58
61000 35
63000 28
65000 17
65000 34
66000 48
69000 24
69500 17
70000 18
70000 15
70530 30
70769 18
71000 23
71900 24
73000 28
74000 27
74000 22
74000 54
74000 75
74900 30
74990 32
75000 115
75000 22
75000 27
76000 25
76000 29
76320 25
77000 72
77000 68
77000 29
78000 53
79000 21
79900 73
80000 44
80000 45
80000 33
80530 23
80530 26
80530 31
81000 24
81047 18
81047 18
81500 63
82000 23
82000 47
82000 34
84800 72
85000 69
85000 87
85000 54
85000 65
85000 74
85000 45
85200 25
86000 40
86000 62
86000 70
86000 23
87000 52
87500 40
88000 45
88000 86
88000 32
88000 36
89000 53
89000 91
89500 53
90000 50
90000 30
90000 62
91000 40
91000 40
91500 57
92000 78
92000 75
92500 64
93000 42
93000 40
93000 42
94000 60
94000 60
95000 35
95000 60
95000 42
95500 62
95550 70
95550 70
95550 70
95550 70
95940 32
95940 51
96000 36
96000 92
98000 60
98000 87
98000 65
98000 24
98000 105
98280 72
98280 72
98280 72
98280 72
99000 40
99000 44
99000 75
99000 30
99000 46
99500 51
99500 50
100000 43
100940 32
101000 33
102000 36
102000 47
102900 78
103880 61
104000 35
104000 62
104000 40
105000 85
105000 75
105000 50
105000 51
105000 79
106000 39
106000 76
106000 33
106000 70
106000 72
106000 70
106000 33
106000 62
106500 45
107000 88
108000 50
108000 70
108500 53
109000 32
109000 60
109000 32
110000 31
110000 68
110000 55
111000 36
111000 62
111000 40
111000 63
111300 36
111300 40
112000 85
113000 70
113000 39
113000 70
113000 68
114400 56
115000 68
115000 73
116000 89
116000 68
116000 40
116000 90
116500 47
116600 102
117000 61
117000 31
117000 32
117000 28
117000 28
118720 43
119000 71
120000 49
120000 28
120000 28
120000 28
120000 28
120500 22
121000 47
121000 45
121900 50
121900 42
122000 52
122000 50
122300 34
122499 23
122500 56
123000 54
124000 46
124000 47
124500 52
124500 65
124740 38
125000 36
125000 75
125000 53
125000 47
125500 47
126000 46
126000 57
126000 64
126000 71
126500 70
127000 68
127200 75
127200 88
128000 39
128000 34
128000 39
128000 60
128000 30
128700 40
129000 60
129000 30
129999 20
130000 69
130000 40
130000 50
130000 75
130000 65
130000 20
132000 75
132000 41
132000 47
132300 71
132500 50
133000 39
133000 40
134000 40
134500 65
135000 73
135000 55
135000 39
135000 39
135000 40
135000 69
135000 39
135200 100
136000 70
136000 24
136000 41
136000 39
136000 41
136000 42
136500 60
137000 39
137000 63
137000 55
137000 41
137000 42
138000 69
138000 39
138000 39
138000 52
138000 71
138000 80
139000 39
139000 40
139000 105
139000 78
139000 42
139500 64
140000 72
140000 42
140000 41
140250 41
141000 40
141000 87
141000 44
142000 72
142000 78
142000 70
142000 42
142000 51
142500 72
143000 66
143100 60
143100 52
143100 56
144000 41
144200 40
144999 42
145000 80
145000 44
145600 74
145600 65
146500 74
146500 73
146500 64
147000 80
147000 70
147000 43
147000 41
147000 41
147000 74
147000 60
148000 92
148000 85
148000 109
148000 43
149000 45
149000 38
149000 55
149000 40
149000 41
149000 40
149000 46
149500 88
149500 90
149500 75
149760 89
150000 40
150000 41
150000 74
150000 41
151000 41
151000 41
151000 38
151000 40
151000 39
151000 39
152000 41
152000 41
152000 41
152000 38
152250 65
153000 56
153000 83
153000 37
153000 37
153000 39
153000 37
153000 37
153000 37
153000 37
153180 45
153180 45
153700 84
154000 43
154000 41
154000 38
154000 39
154000 39
154000 38
155000 71
155000 67
155000 134
155850 81
156000 40
156000 84
156000 70
156000 40
156000 38
156000 38
156000 38
157000 79
157000 68
157000 43
158000 73
158000 57
158000 79
158000 79
158000 37
158000 37
158500 74
159000 80
159000 80
159000 92
159000 39
159000 42
160000 80
160000 54
160000 62
160000 39
162000 39
163240 80
163700 68
165000 84
165000 80
165000 43
167000 73
167000 90
167000 43
168000 106
168000 113
168000 90
168000 100
168000 70
168500 79
169000 90
169000 63
169000 78
169000 58
169500 92
169600 76
169900 91
170000 56
170000 58
171000 43
171000 43
171000 58
171290 65
172000 70
172000 71
172000 57
172000 58
172500 95
173000 57
173000 59
173977 35
174000 57
174000 57
174000 76
174500 93
175000 56
175000 100
175000 38
175250 65
176000 88
176630 91
177000 70
177000 56
177419 69
178000 57
178650 73
179000 64
179000 99
179000 55
179000 64
179500 82
179900 80
180000 90
181000 59
181750 65
182000 94
182000 59
182000 56
182000 57
182000 59
184000 58
184000 76
184000 59
184000 57
185000 99
185000 94
185000 72
186000 58
186000 57
186000 64
187000 73
187000 46
187000 61
187500 106
188000 101
188000 94
188000 95
188000 58
188000 64
188500 94
189000 80
189000 92
189000 57
189500 80
189650 90
190000 64
190000 90
190000 64
190000 65
190700 62
190700 62
192400 68
192400 67
192400 77
193000 100
193000 59
193000 79
193000 58
193000 57
193000 65
193500 94
194000 108
194290 85
194500 95
194500 94
194600 89
195000 152
195000 58
195000 106
197000 69
197000 58
197000 58
197400 75
197500 79
198000 102
198800 69
199000 80
199000 82
199000 68
199000 85
199000 103
199000 105
199500 59
200400 66
200500 57
201000 58
201000 59
202900 111
203000 58
203500 61
203799 65
204000 60
204000 64
204000 64
205000 66
205000 77
205000 61
205899 66
206000 71
206000 57
206000 59
207000 94
207000 110
207000 43
207600 57
207800 110
207800 74
208000 81
209000 47
209000 140
209000 109
209000 57
209000 48
210000 81
210000 81
210000 81
210000 81
210000 164
210000 72
210000 81
210900 128
211000 55
212000 81
212000 81
212000 81
212000 81
212000 81
212000 59
212000 58
213000 59
213000 48
213500 75
213800 97
214050 94
215000 81
215000 93
215000 59
218000 73
218000 58
218500 92
219000 58
219800 87
220000 81
220000 73
221000 74
221000 74
221000 75
221900 132
222000 73
222600 78
223000 74
223000 75
224000 73
224000 73
224700 104
225000 75
225000 69
225000 75
225000 75
225000 85
227000 64
227500 115
228000 78
228360 105
229000 98
229000 82
229000 98
229900 285
230000 99
231000 73
231000 77
231080 94
231911 57
232000 77
232000 78
233200 111
234000 73
235000 55
235000 55
236250 93
238600 72
239000 73
240900 136
241000 58
241500 76
242000 65
244000 68
246750 160
246999 83
247000 124
247000 83
248000 84
249000 120
249000 145
249000 121
249100 94
249500 130
249649 91
250000 129
254000 86
254000 86
255000 82
258000 90
258000 140
258000 91
259000 128
259000 91
259000 85
259900 95
264000 88
265000 133
265700 84
266000 88
269000 68
269000 340
269000 69
270000 150
271000 83
271000 83
271470 84
275000 93
279000 91
280000 93
282000 106
283000 68
283000 109
284000 163
285000 125
286000 86
287000 110
287000 115
287000 110
288000 130
288860 89
290000 100
290900 107
291000 108
292000 127
295000 86
295000 86
296370 120
301000 154
302000 88
302100 93
304500 300
306000 120
309000 121
309000 121
310000 130
312000 160
314000 90
315000 107
315000 132
315000 238
317000 135
319000 91
319260 99
319260 98
323300 104
328600 55
330000 104
330000 230
331000 120
336000 96
337000 181
339000 90
342000 115
342000 115
344500 160
346500 182
347000 208
349000 170
350000 158
355000 90
355000 155
362000 241
363000 140
364000 154
365500 120
372000 134
375000 90
375000 160
378000 162
379000 89
380000 160
384000 152
384000 150
385000 103
385000 103
389000 125
389000 91
390000 109
390000 260
390500 95
390500 93
390500 93
396000 160
398000 146
409500 183
414000 250
415000 165
417000 170
418000 170
424000 241
432000 210
434600 178
440000 302
442900 167
450000 250
454000 230
455000 227
460000 230
468000 167
470000 170
483000 360
499000 225
539000 225
545000 180
569250 150
578000 330
590000 315
598500 296
625000 275
640000 270
655000 262
678000 250
689000 250
699000 278
733900 360
775000 167
780000 600
998400 520
1025000 493
1144000 500
1240000 380
1352000 484
