944 annonces au total
Prix moyen au m²: 2486€
Prix Surface
106900 57
45000 48
45000 43
51000 18
51000 18
51500 53
54000 20
54000 48
55000 31
55000 31
55700 23
56800 20
58000 20
59400 34
205000 65
60000 18
60400 33
60700 27
62000 30
62640 30
64000 21
64500 17
65000 34
65000 27
65500 50
65600 48
66000 35
66000 95
115500 39
66000 58
66960 22
67000 23
68200 25
69000 49
69500 20
69700 58
70000 56
70200 38
70700 31
72000 20
75000 28
75600 38
338000 160
75600 30
76000 63
76000 54
77000 57
78300 58
79000 52
79000 60
79145 54
80000 68
80000 57
80200 34
81000 68
134007 46
81000 68
82600 21
83100 36
83500 47
83600 47
83876 64
84000 32
84000 49
84500 36
85000 50
85600 30
86000 32
86500 27
97100 45
86500 67
89000 59
89500 29
90500 48
90900 44
90950 50
93342 51
94220 36
95000 37
95000 60
95000 57
95000 66
95000 83
705000 217
96000 45
96000 57
96500 40
97000 45
97100 45
97200 39
97400 73
97800 62
98000 46
98000 68
98000 47
98396 42
98500 61
134007 46
99000 53
99420 56
99500 62
99520 34
99560 50
99720 34
100000 47
100500 70
100550 55
101500 68
102000 39
102000 39
102000 26
205000 65
104000 67
104940 48
105000 67
105003 71
105821 43
106000 77
106500 47
106800 67
106900 57
107000 46
107000 67
107916 78
108000 67
205000 65
108000 60
108000 72
109000 71
110000 62
110050 30
111300 73
111300 77
112370 88
112875 41
113000 80
113200 68
114000 62
114000 36
195100 80
114000 44
114000 49
114500 55
114900 45
114990 63
115000 61
115500 39
115500 48
116500 65
116700 70
117248 47
117400 79
97100 45
117700 80
117700 73
117700 54
118500 95
119000 38
119000 48
119000 50
119567 45
119577 78
120000 45
120000 43
120480 52
120480 52
97100 45
121000 40
121000 40
121125 46
121900 69
122000 92
123000 64
123000 68
123050 43
123083 44
123490 54
123600 45
124175 47
124200 54
97100 45
124200 78
124868 60
125000 41
125000 82
125012 65
127000 72
127200 70
127980 88
128000 42
129600 66
129900 69
129900 43
129900 43
187100 94
129900 43
130000 70
130555 79
131000 84
132000 86
132000 74
132000 30
132000 57
132500 64
132500 48
133700 69
133750 41
134000 76
390000 200
134000 45
134000 75
134007 46
134400 89
135000 61
135000 79
135000 94
135423 79
135890 49
136000 30
137000 41
137800 49
137900 80
187100 94
138000 122
138450 93
138700 70
139000 83
139075 80
139100 47
139200 57
139300 42
140000 64
140100 72
140700 77
141480 41
141500 64
195100 80
141643 59
141643 60
141750 47
141806 87
142000 109
142000 65
144000 63
145400 90
147000 64
147173 63
147400 55
147700 50
62000 30
148400 66
148500 55
149000 87
149000 93
150000 51
150000 46
150000 75
150000 38
150500 55
151171 60
151900 72
152000 64
152000 81
130000 70
152000 62
152879 60
154700 65
155000 72
155000 90
156492 64
157000 40
157000 40
158880 99
159000 52
159000 48
159000 56
159000 58
338000 160
159000 58
159000 52
159175 60
159400 47
159400 47
159500 46
159500 46
159700 108
160000 43
160000 43
160400 82
160584 62
160760 62
205000 65
161111 60
161400 81
162000 66
162050 100
162382 72
162867 60
162867 60
162867 60
163500 58
164300 56
165000 70
165000 82
165000 95
338000 160
165675 68
166155 80
166158 69
166400 80
166500 96
167000 67
167500 70
167700 72
168198 91
168198 91
169338 60
169338 60
169459 64
705000 217
169600 79
169600 86
169900 44
169995 60
170000 63
170400 90
170400 90
171000 79
171000 73
171401 86
171401 86
171402 86
171500 71
62000 30
172530 72
173000 60
173828 63
174000 95
174900 100
175600 67
176000 67
176000 62
176511 61
176692 62
177400 87
178000 66
205000 65
178000 66
178500 100
179000 44
179000 44
179563 87
179563 87
179734 63
180200 115
180229 66
180400 51
182595 68
183920 118
183920 118
679000 300
184000 114
184500 86
184500 54
184900 94
185000 98
185000 91
185000 43
185358 91
185500 60
185500 70
185500 68
185632 64
186000 80
679000 300
186575 54
187100 94
188000 90
188680 94
189000 94
189000 94
189500 64
190000 111
190000 43
190000 42
190000 97
190124 63
190124 64
195100 80
190690 76
190694 76
190694 77
190779 76
191500 84
191700 87
193000 140
193325 265
193500 64
193500 60
194139 109
194139 109
194400 106
205000 65
194500 64
195000 80
195100 80
195100 79
196100 98
196195 63
196195 63
196500 60
196900 104
197000 90
198000 44
198000 64
198500 84
195100 80
199000 44
199000 43
199500 130
199520 90
199520 110
200500 116
200821 118
201000 61
201000 80
201400 96
201400 110
201400 95
201505 74
115500 39
201505 74
202000 147
202000 68
202350 90
202350 83
202400 110
202819 69
203300 69
204000 44
204845 85
205000 44
205000 44
205000 65
130000 70
205000 48
206594 95
207000 54
207400 64
209400 126
209462 108
210630 89
210630 93
212000 70
212000 117
212456 64
212600 64
213000 100
62000 30
213600 68
214000 123
214100 83
214100 83
215000 66
215000 54
215000 82
215300 64
215400 118
216000 100
216000 100
216275 97
216275 102
62000 30
216275 102
216858 83
217000 86
217200 95
217300 100
217300 73
217300 100
217300 123
217300 69
217500 85
217500 69
219000 64
219000 94
679000 300
219000 94
219000 107
219500 69
219900 69
220000 60
220000 80
220231 87
220231 88
221550 112
221550 105
221550 143
222000 77
222400 92
390000 200
222600 143
223000 64
223500 66
223600 107
223660 94
224000 62
224950 129
227000 64
227500 98
227900 83
228000 118
228750 98
187100 94
230000 100
230050 102
231000 68
231000 67
231000 103
231000 68
232500 118
232800 86
232800 86
232800 108
232979 113
233200 130
163500 58
234880 84
235000 76
235000 86
236250 106
238000 87
238150 98
239000 68
239000 65
239900 200
239980 105
241000 89
241500 107
242205 121
134007 46
242205 121
242650 112
243000 171
243000 125
243000 82
243200 130
243200 130
243500 82
244500 150
244900 128
246100 126
247000 65
247000 65
205000 65
248000 150
248000 89
248000 89
248000 89
248204 95
248250 72
248600 70
249000 140
249000 131
249000 58
249000 88
249600 185
163500 58
249600 185
249900 209
249900 97
249900 154
250000 66
250000 65
253000 198
253000 82
253340 97
253340 97
254400 95
257000 149
258000 157
205000 65
259000 64
259000 64
259700 88
259900 250
260000 58
260000 119
260000 250
261000 149
261900 73
262500 75
263000 95
263520 95
263750 127
130000 70
264000 130
264000 71
264950 75
265000 78
265000 75
266080 90
266080 90
266403 97
267500 90
268500 136
269000 69
269134 109
270000 83
130000 70
270000 160
271000 158
273000 116
273000 64
273585 95
274000 141
274400 165
274400 142
275000 64
278000 260
279000 70
279600 105
279730 186
130000 70
280900 120
281300 107
282317 95
283000 85
283500 115
283500 115
283500 133
284500 120
286000 65
286094 123
287000 140
288700 102
705000 217
288700 102
289000 65
289000 63
289900 137
290000 103
291800 135
293000 196
295200 160
295200 160
295400 96
297500 250
298200 150
298900 122
205000 65
299000 140
299000 71
299360 116
299360 152
299600 98
299990 120
300400 157
305600 147
307200 125
308720 132
312000 180
315000 125
315000 101
205000 65
315000 162
315000 90
316000 215
316000 104
316000 104
316500 147
318000 135
320000 96
320000 115
322400 150
322684 112
324000 125
324000 125
97100 45
325000 178
325000 75
325000 160
325000 119
325500 135
326400 150
326400 160
326400 150
328444 170
328600 183
330000 127
330000 183
330750 107
205000 65
330750 107
330750 107
330750 86
330750 226
331000 108
332330 147
334000 112
334400 150
334720 136
334720 148
335000 70
337000 80
337960 134
115500 39
338000 160
339200 92
339900 90
340000 180
342000 160
344000 154
344850 160
345000 99
345000 145
347000 85
348000 260
349000 85
349800 118
62000 30
349800 118
349800 118
349950 226
351000 108
351000 108
351000 142
352400 104
355000 150
357000 155
357600 143
357600 160
357600 143
358700 150
705000 217
360000 119
360000 119
363000 162
364000 120
364000 119
364000 104
365000 77
365000 84
365000 85
366450 110
367900 135
367900 150
368000 130
115500 39
369000 99
369000 99
369000 120
371000 97
372500 265
373500 300
381200 134
382000 94
384600 171
385000 275
387000 129
388800 191
388800 220
97100 45
388800 220
389000 105
389000 183
389000 104
389000 110
390000 200
390000 224
390000 130
392200 145
394000 210
395000 170
395000 160
396000 170
62000 30
398000 174
398500 251
399000 108
399000 107
399900 147
404000 171
407550 149
408000 89
409500 200
420000 240
420000 104
420000 115
420000 129
97100 45
420000 129
420000 110
422000 250
423500 85
423500 85
424000 110
434000 120
436500 86
438900 122
441000 190
445000 96
445000 267
445000 93
338000 160
447000 270
449000 101
449000 119
449500 85
449500 85
449500 85
450000 201
451500 140
453600 205
458850 190
468000 200
473550 212
473800 230
338000 160
474400 124
475000 104
477000 246
477000 246
479900 177
488000 284
492000 114
495000 110
495000 121
495000 109
495000 113
499000 165
499000 138
195100 80
499000 138
499500 240
504000 120
509000 172
512050 125
513800 250
515000 175
515000 194
518000 300
521000 232
525000 220
525000 300
526400 111
338000 160
527000 248
528000 283
535000 185
540000 167
544000 164
546850 227
549000 225
550000 206
550000 160
554380 210
556500 119
556500 131
556500 162
187100 94
558000 222
570000 200
570300 90
572000 220
575000 220
575000 391
579900 220
585000 325
585000 290
585200 221
588000 250
595000 135
595000 339
195100 80
598000 300
598000 220
598000 295
605000 230
617000 270
619500 216
619500 170
623000 300
625000 190
625000 230
627000 254
630000 180
635500 135
195100 80
640000 264
651200 150
661500 147
661500 218
665000 148
666311 287
675000 600
675000 297
679000 300
687000 216
688600 450
688600 450
694775 147
163500 58
699000 244
699000 340
705000 217
710010 147
725000 157
725000 157
735000 230
735000 440
736000 280
760760 453
777000 240
784000 374
163500 58
784000 374
798502 383
799000 167
799000 164
875000 245
896700 241
945000 280
953000 350
975000 187
980000 232
988000 330
994400 275
1009400 320
134007 46
1009400 320
1034051 189
1050000 242
1050000 242
1150000 375
1158000 405
1250000 384
1358500 650
1375000 615
1399000 650
1490000 600
2080000 621
2380000 650
115500 39
