2273 annonces au total
Prix moyen au m²: 2725€
Prix Surface
54500 15
36500 10
45000 11
45500 11
48750 19
49500 48
49500 13
49500 16
49900 24
51000 16
52000 27
53000 17
53000 32
180200 78
54500 14
55000 52
57200 33
57900 35
59000 31
59000 42
59000 32
59000 70
59500 30
59900 20
59950 17
60000 36
60000 19
170000 80
60000 29
60000 19
60000 27
60000 26
60000 26
60500 34
60500 29
60700 33
61500 32
62000 18
62500 34
63000 20
63000 18
107500 28
63500 35
64000 18
64000 21
64200 28
64500 56
65000 18
65000 38
65000 23
65400 29
65900 33
66000 18
66000 20
66000 17
248000 90
66000 28
66500 17
67000 34
67000 19
67300 20
67500 27
67500 20
67800 19
68000 20
68000 21
68000 21
69000 18
69000 17
179000 71
69000 18
69300 33
69300 79
69300 28
69400 56
69900 36
69900 25
70000 46
70400 32
71000 32
71000 24
71500 30
71500 19
76000 50
71500 19
71500 33
71500 23
72000 48
72000 25
72000 27
72500 18
72600 18
73000 32
73150 52
74350 31
74500 19
74550 26
158000 77
75000 46
75000 28
75000 51
76000 21
76000 40
76000 50
76000 50
76450 34
76450 33
76500 35
76500 28
77000 32
77000 32
499800 149
77000 28
77500 39
77500 43
77500 47
77500 47
77700 53
78300 38
78480 50
79000 50
79000 53
79200 20
79500 30
79500 49
180200 78
79770 35
79900 45
80000 37
80000 46
81000 42
81200 30
81500 50
81500 47
81500 42
81650 48
83000 35
83000 35
83900 32
76000 50
84260 52
84500 35
85000 59
85000 51
85000 19
85000 26
85000 24
85200 35
85800 64
85800 35
86000 40
86400 32
86500 33
179000 71
86500 33
86600 19
87000 32
87000 54
87000 54
87200 29
87500 39
87500 21
88000 25
88000 25
88000 50
88000 44
89000 46
180200 78
89000 25
89000 25
89000 50
89000 46
89250 50
89500 27
89500 27
89500 45
89500 44
89500 28
89900 39
90000 24
90000 27
76000 50
90000 46
90000 24
90000 20
90000 25
90200 50
90950 64
91000 42
91000 31
91000 31
91000 41
91000 23
92200 53
92400 33
179000 71
92400 33
92500 57
92500 34
92500 48
92600 51
92600 45
92600 73
93000 73
93000 31
93000 32
93090 40
93500 46
93500 60
647900 221
93500 31
94000 50
94600 34
94830 41
94830 43
95000 42
95000 50
95000 140
95000 51
95000 28
95500 59
96000 50
96000 39
540000 109
96500 53
97000 50
97000 57
97010 46
97200 43
97500 63
97500 49
97900 67
97900 51
98000 66
98000 51
98000 38
98000 50
540000 109
98000 68
98100 74
98500 68
98500 67
99000 50
99000 63
99000 38
99000 29
99000 78
99000 69
99300 37
99500 58
99500 49
107500 28
99750 73
99900 66
99900 50
99900 70
100000 23
100000 38
100280 50
101000 33
101000 40
101000 47
102000 50
102000 88
102000 50
170000 80
102000 44
102500 35
102500 39
103000 43
103000 40
103000 40
103500 50
103550 19
104000 76
104000 57
104450 47
106000 57
106000 28
108000 72
106000 63
106000 28
106000 36
107000 32
107000 68
107000 31
107000 56
107500 31
107500 29
107500 35
107500 28
107500 35
107750 94
76000 50
108000 60
108000 72
108000 25
108000 77
108000 24
108000 34
108000 52
108500 45
109000 45
109000 44
109000 57
109000 40
109000 56
158000 77
109000 56
109140 51
109900 34
110000 26
110000 26
111000 65
111300 65
112000 71
112200 39
112300 65
112500 43
112875 49
112875 63
298000 96
113000 46
113000 46
113000 37
113175 34
113200 68
113400 60
114000 56
114000 68
114200 93
115000 40
115000 57
115000 41
115000 45
248000 90
115500 60
115900 44
116000 37
116000 50
116200 79
116500 60
116600 77
117000 70
117000 43
117000 47
117000 83
117000 36
117000 50
180200 78
117500 42
117700 51
118000 26
118000 62
118000 48
118000 53
118000 65
118000 84
118000 70
118250 48
118300 60
118300 60
118450 68
647900 221
118500 40
118500 42
118500 50
118500 43
118600 68
118688 40
118800 50
118800 41
118800 70
119000 44
119000 35
119000 69
119500 45
165850 90
119500 44
119900 67
119900 67
120000 80
120450 58
120450 58
120960 56
121000 44
121240 56
121500 44
121600 66
121800 71
121900 52
201500 100
121900 53
122000 50
122500 48
122500 44
123000 50
123000 70
123050 32
123500 58
123500 65
123500 42
123625 36
124000 54
124000 52
164000 60
124000 54
124200 65
124800 32
125000 61
125000 74
125500 42
125800 80
125900 76
125900 66
126000 58
126000 58
126000 35
126000 57
499800 149
126000 84
126700 53
126790 67
126800 72
127000 48
127000 45
127000 80
127000 40
127000 80
127000 48
127000 82
127200 70
127440 61
107500 28
128000 46
128000 33
128000 33
128024 77
128400 60
128500 56
128500 84
128500 56
128700 51
128900 62
128950 66
129000 63
129000 81
76000 50
129000 76
129000 66
129000 60
129000 45
129000 40
129000 33
129000 48
129000 66
129000 70
129300 52
129490 50
129500 71
129500 61
499800 149
129500 61
129500 62
129500 41
129500 58
129600 50
129600 75
129800 36
129900 77
129900 40
129900 61
130000 61
130000 40
130000 77
243500 80
132000 44
132200 31
132400 90
132500 40
132500 41
132500 40
132500 40
133750 58
133900 60
134000 27
134000 42
134000 40
134000 42
164000 60
134000 42
134000 69
134620 64
134900 44
135000 43
135000 84
135000 33
135000 52
135000 43
135000 58
135500 39
136000 73
137000 46
164000 60
137000 39
137000 77
137000 38
137000 64
137200 77
137800 63
138000 33
138000 38
138000 38
138000 56
138000 51
138100 53
138500 53
179000 71
138500 47
138500 96
138709 47
138860 55
139000 42
139000 75
139000 42
139000 41
139000 44
139000 51
139000 45
139000 63
139000 73
76000 50
139000 49
139100 60
139100 50
139100 75
139100 78
139100 81
139100 60
139100 63
139250 55
139300 55
139500 39
139900 81
139900 62
108000 72
139900 62
140000 42
140000 40
140250 42
140250 66
140400 74
140400 68
140400 72
141000 62
141000 85
141110 64
142000 26
142000 34
107500 28
142000 35
142000 45
142310 75
142900 40
143000 59
143100 65
143200 40
143200 39
143250 112
144000 40
144000 43
144000 39
144000 40
647900 221
144000 44
144000 60
144000 39
144000 50
144400 75
144450 100
144900 42
144900 63
145000 89
145000 41
145000 45
145000 45
145000 63
647900 221
145000 63
145500 30
145500 41
146000 50
146000 37
146000 37
146590 83
146982 96
147000 38
147000 60
147000 70
147000 84
147000 96
844000 240
147000 60
147100 43
147660 106
147960 76
148000 39
148000 39
148000 37
148000 38
148000 44
148000 60
148000 44
148000 45
148294 41
298000 96
148700 43
148730 99
149000 45
149000 45
149000 44
149000 46
149000 45
149000 45
149000 58
149000 38
149000 55
149100 46
149500 59
170000 80
149500 41
149500 71
149800 56
149800 63
149800 90
149800 86
149800 81
149800 63
149800 86
149900 59
149900 45
149900 39
149900 95
158000 77
149900 63
149900 95
149900 39
149900 39
150000 44
150000 39
150000 39
150000 36
150000 90
150000 38
150300 50
151000 82
151000 47
248000 90
151000 96
151000 47
151000 38
151200 74
151200 44
152000 59
152000 43
152000 39
152000 47
152900 39
152900 40
152975 40
153000 42
164000 60
153000 46
153000 38
153000 38
153000 42
153000 47
153000 46
153500 66
153500 62
154000 55
154000 45
154000 59
154000 45
154000 74
48750 19
154000 96
154080 65
154200 37
154500 39
154500 45
155000 38
155000 40
155000 63
155000 68
155000 46
155000 59
155000 40
155000 44
164000 60
155000 40
155000 59
155000 58
155000 70
155116 97
155150 80
155200 37
155200 41
155500 84
156000 64
156000 77
156000 37
156000 54
158000 77
156450 77
156492 56
157000 61
157000 39
157000 63
157000 70
157000 47
157000 61
157000 77
157000 77
157000 41
157200 56
157300 77
180200 78
157500 76
157900 66
157900 77
157900 60
157940 77
158000 31
158000 77
158000 42
158000 37
158000 39
158140 77
158250 58
540000 109
158360 62
158500 43
158500 60
158500 46
158500 59
158500 44
158700 67
159000 80
159000 40
159000 40
159000 47
159000 62
159000 75
844000 240
159000 40
159000 47
159000 80
159000 62
159000 74
159000 74
159000 44
159000 40
159000 77
159430 96
159430 77
159430 77
164000 60
159500 74
159500 62
159500 41
159500 77
159500 69
159600 100
159600 100
159840 71
159900 71
159900 94
159900 72
160000 36
160000 39
243500 80
160000 43
160000 88
160000 43
160000 37
160000 71
160000 36
160000 46
160000 50
160000 60
160000 42
160000 38
160000 69
160000 89
248000 90
160000 89
160250 98
160500 70
160500 76
160500 77
160920 77
161000 72
161000 59
162000 43
162000 40
162000 98
162000 40
162000 40
165850 90
162000 61
162000 42
162206 62
162410 84
162500 58
162500 60
162500 60
162500 59
162600 69
162600 69
163000 46
163000 81
163000 44
844000 240
163000 46
163000 49
163000 44
164000 85
164000 120
164000 60
164000 72
164000 44
164000 63
164300 61
164300 53
165000 81
165000 60
248000 90
165000 80
165000 44
165000 75
165000 76
165540 95
165850 60
165850 60
165850 90
166000 44
166000 49
166000 52
166000 65
167000 95
682000 183
167000 50
167000 78
167000 66
167000 43
167000 71
167000 85
167500 72
168000 64
168000 92
168000 60
168270 73
168500 97
168500 68
170000 80
168500 80
168500 47
168500 43
168900 49
169000 70
169000 43
169000 98
169000 72
169200 73
169500 36
169500 97
169600 82
169600 60
499800 149
169600 73
169600 90
169600 60
169800 73
169800 60
169900 77
169900 72
170000 43
170000 67
170000 72
170000 93
170000 43
170000 59
165850 90
170000 80
170000 59
170000 70
170400 79
170500 82
170543 59
170750 100
171000 60
171000 95
171200 81
172000 110
172000 43
172000 56
844000 240
172000 56
172000 43
172000 82
172000 59
173000 73
173000 97
173000 59
173820 84
174000 79
174000 65
174000 43
174000 51
108000 72
174500 38
174900 81
174900 62
175000 83
175000 77
175000 64
175000 43
175700 80
176000 40
176000 80
176000 44
176200 76
176400 52
164000 60
176500 77
177000 77
177000 44
177000 78
177500 73
178000 78
178000 44
178000 42
178040 101
178500 100
178500 90
178500 49
179000 71
179000 71
179000 57
179000 44
179000 41
179000 98
179000 42
179000 85
179000 77
179000 68
179140 70
179140 95
179500 57
179500 39
179900 68
158000 77
180000 44
180000 77
180000 44
180000 41
180000 52
180000 72
180200 91
180200 67
180200 79
180200 78
181000 39
181000 121
181050 38
76000 50
181277 70
181450 65
181900 84
182000 55
182000 44
182000 78
182000 57
182000 94
182000 112
182000 52
182000 42
182000 58
182500 39
243500 80
182500 39
182750 69
182800 57
183000 55
183000 42
183000 38
183000 43
183000 43
183000 49
183000 42
183000 60
183500 40
183500 76
499800 149
183500 39
184000 41
184000 41
184000 42
184000 41
184000 41
184000 42
184000 61
184000 59
184000 84
184000 41
184500 39
184500 40
248000 90
184500 40
185000 56
185000 80
185000 60
185000 68
185000 40
185400 68
185500 67
185500 72
185500 72
185500 40
185500 85
185500 40
165850 90
185500 72
185500 46
186000 42
186000 42
186000 41
186000 43
186000 75
186200 63
186500 40
186500 77
187000 63
187000 85
187500 40
499800 149
187500 40
187500 84
187500 67
188000 47
188000 77
188000 43
188000 84
188500 43
189000 64
189000 57
189000 59
189000 120
201500 100
189000 120
189000 57
189000 146
189000 62
189210 63
189400 57
189400 57
189400 119
189500 57
189500 58
189500 87
189500 67
189843 73
201500 100
189843 74
190000 43
190000 43
190000 42
190000 43
190083 74
190800 75
191000 86
191000 64
191500 63
191500 39
191500 101
191700 65
158000 77
191700 98
192000 61
192000 93
192000 42
192000 42
192000 41
192000 44
192000 61
192000 41
192500 100
192600 95
192600 95
192600 98
76000 50
192600 98
192700 118
193000 83
193000 64
193000 99
193500 62
193670 75
193730 70
194000 75
194000 42
194000 87
194000 80
194000 42
201500 100
194000 42
194000 92
194000 42
194500 67
194500 63
194900 62
195000 60
195000 62
195000 63
195000 80
195000 64
195000 57
195000 63
243500 80
195000 80
195000 80
195000 63
195000 62
196000 92
196000 39
196000 82
196000 96
196000 39
196000 43
197000 146
197000 92
197000 45
201500 100
197400 62
197500 67
197500 74
197500 45
197500 103
197500 92
197950 91
198000 39
198000 55
198000 138
198000 60
198000 80
198000 78
540000 109
198000 60
198500 45
198500 74
198500 67
198578 70
198578 69
198578 70
198685 64
198800 58
198900 135
199000 100
199000 109
199000 69
48750 19
199000 109
199000 59
199000 55
199000 109
199000 109
199000 41
199000 109
199000 69
199000 98
199200 65
199300 62
199500 62
199500 42
170000 80
199500 62
199500 69
199600 62
199900 95
199900 99
199900 99
200000 99
200000 41
200000 71
200000 100
200000 98
298000 96
200000 99
200000 41
200000 72
201400 77
201400 94
201400 75
201500 68
201500 44
201500 100
202000 84
202000 100
202000 41
202000 41
48750 19
202000 88
202500 45
202500 63
203000 71
203000 95
203000 64
203000 49
204000 47
204000 42
204000 61
204000 76
204000 77
205000 76
107500 28
205000 100
205000 61
205000 75
205000 75
206000 70
206000 42
206000 58
206000 57
206000 95
206000 87
206000 87
206700 100
647900 221
206700 100
206900 73
207000 69
207000 80
207000 98
207675 80
207760 112
207900 66
208000 58
208000 60
208000 100
208000 58
208000 42
158000 77
208900 60
208900 66
209000 66
209000 105
209000 58
209000 112
209000 95
209600 64
209600 64
209880 76
209900 64
210000 58
210000 80
164000 60
210000 95
210000 60
210000 84
210000 67
211000 51
211000 77
211000 81
211500 85
212000 86
212000 95
212000 58
212000 99
212000 82
158000 77
212000 65
212000 63
212000 44
212000 105
212000 85
212000 100
213000 61
214000 57
214000 57
214000 44
214000 77
214327 92
844000 240
214327 92
214500 103
215000 98
215000 65
215000 98
215000 46
215000 65
215000 98
215000 98
215000 65
215000 98
215000 70
215000 79
682000 183
215000 65
215000 98
216000 44
216000 90
216000 44
216000 80
216900 88
217300 87
217300 97
217300 71
217300 75
218000 61
218000 70
165850 90
218500 61
218500 76
218500 44
218500 61
218500 43
218500 44
218500 48
218700 86
219000 80
219000 102
219000 96
219350 79
219500 60
180200 78
219500 80
219700 72
220000 98
220000 83
220000 72
220000 65
220000 72
220500 100
220500 96
220500 62
220500 44
221000 53
221000 71
180200 78
221000 53
221540 80
221900 69
222000 100
222000 64
222000 67
222000 97
222000 63
222000 97
222000 97
222000 47
222500 58
222600 120
180200 78
222600 85
222600 87
222600 100
222600 72
222600 85
223000 101
223000 70
223000 102
223000 58
223450 96
223500 96
223500 97
223700 69
499800 149
223700 69
223700 69
224000 98
224000 64
224000 67
224000 61
224000 68
224000 100
224000 47
224000 47
224500 97
224500 58
298000 96
225000 63
225000 111
225000 68
225000 61
225000 53
225500 80
226000 70
226000 60
226000 63
226000 70
226000 47
227000 105
227000 103
248000 90
227000 140
227000 64
227000 105
227900 103
227900 66
227900 79
227900 103
228000 64
228000 64
228000 64
228000 61
228000 70
228000 61
647900 221
228000 70
228500 44
228500 95
228700 137
229000 138
229000 153
229000 107
229000 93
229000 90
229000 69
229000 80
229000 67
229400 62
499800 149
229500 60
229500 105
229500 69
229700 92
229900 130
230000 65
230000 160
230000 64
230000 47
230140 95
230500 64
231000 64
231000 61
201500 100
232000 66
232000 154
232000 66
232050 130
232600 78
232800 70
233000 73
233200 74
233200 90
233200 110
233200 90
233200 96
233638 84
107500 28
233782 84
233900 81
234000 84
234000 98
234000 61
234400 65
234500 60
235000 123
235000 70
235000 115
235000 60
235000 70
235000 81
76000 50
235000 60
235000 86
235350 104
235400 123
235500 105
235900 104
236000 58
236000 104
236000 82
236000 77
236000 80
236380 92
236380 71
682000 183
236380 71
236900 83
237000 152
237000 147
237500 64
237500 60
237900 127
238000 70
238000 63
238000 68
238000 75
238500 100
238500 64
158000 77
238500 72
239000 60
239000 82
239000 58
239000 63
239000 105
239000 110
239000 83
239500 58
239500 61
239500 60
239841 85
239900 115
158000 77
240000 70
240000 125
240000 141
240000 90
240000 82
240900 63
240911 85
241000 68
241000 70
241060 107
242000 70
242000 60
647900 221
242000 60
242000 67
242000 67
242000 60
242600 57
242634 66
243000 70
243000 63
243000 70
243000 70
243000 83
243000 63
243000 70
844000 240
243500 80
243800 83
243800 83
243800 80
243800 91
243900 98
244000 58
244000 70
244000 70
244000 100
244000 100
244900 139
180200 78
245000 67
245000 75
245500 90
246000 71
246000 71
246000 71
246000 83
246000 83
246000 83
246000 138
246000 92
246000 95
246600 64
107500 28
246800 82
247000 61
247000 67
247334 95
247334 95
247500 60
247700 130
248000 99
248000 61
248000 75
248000 82
248000 90
248000 90
180200 78
248000 90
248500 62
248500 61
248600 78
249000 94
249000 110
249000 120
249000 98
249100 139
249100 120
249100 115
249100 120
259000 125
249100 120
249300 78
249300 82
249500 60
249500 130
249500 139
249500 63
249700 178
249900 90
249900 110
249900 100
250000 150
250000 74
179000 71
250000 74
250000 78
251000 60
251000 67
251381 89
251500 61
252000 78
252500 63
253000 58
253000 60
253000 60
253000 57
253400 90
76000 50
253500 61
254000 97
254400 100
254400 120
254400 90
254400 90
254400 95
254400 94
254400 94
254400 97
254500 61
254500 61
254500 61
647900 221
254500 61
255000 113
255000 78
255000 98
255000 87
255000 66
255000 77
255000 66
255000 98
255500 60
256000 82
256000 62
256000 82
243500 80
258000 87
259000 68
259000 96
259000 62
259000 125
259500 71
259700 108
259700 120
260000 66
260000 129
262000 60
262100 75
262500 122
243500 80
262500 123
262794 95
262794 92
262794 92
262794 92
263000 125
263000 72
263900 92
264000 60
264000 64
264000 140
264000 90
264000 90
164000 60
264000 90
265000 90
265000 83
265000 150
265000 97
265000 87
265000 125
265000 137
265000 105
265000 68
265000 110
265000 110
266000 79
48750 19
266000 75
266500 152
267000 88
267000 125
267500 125
267600 115
267600 185
268000 59
268500 73
269000 122
269500 70
270000 66
270000 140
844000 240
270000 140
271000 71
272000 123
272000 64
273000 65
273000 69
273000 73
274000 88
274000 85
274540 148
274900 125
275000 138
275000 64
298000 96
275000 190
275000 88
275000 69
275000 140
275000 120
275000 90
275600 125
275600 101
275900 85
276000 85
276000 67
276000 64
276900 350
201500 100
277000 120
278000 120
278000 123
278000 113
278000 64
278000 73
278000 84
278200 124
278780 150
279000 88
279000 59
279500 122
279500 59
682000 183
279500 61
279500 59
279640 75
279900 115
280000 102
280800 130
281000 150
282000 59
282000 69
282000 132
283000 69
283500 240
284000 61
647900 221
284000 140
284000 64
284000 107
284000 66
284500 61
285000 61
285000 61
285000 61
285000 61
285000 61
286000 69
286000 60
286000 160
243500 80
286200 130
286200 130
286200 131
286200 79
286200 131
287000 61
287000 61
287000 61
288000 110
288000 73
288750 111
289000 155
289000 107
180200 78
289000 155
289000 140
289200 123
289792 117
290000 89
290100 126
291436 117
291500 115
291500 88
292000 72
293000 110
294000 108
298000 96
294300 95
294300 95
297000 121
297000 103
298000 91
298000 125
298000 100
298500 59
298500 59
299000 58
299000 163
299000 169
165850 90
299000 169
299000 87
299500 59
299500 59
299500 66
299800 101
299900 140
300000 160
302000 66
304000 110
305000 170
305000 84
305950 120
259000 125
306000 79
306000 79
306000 59
306000 79
307420 106
309000 93
309000 59
309000 60
309000 59
309000 69
309700 153
310000 136
310900 86
682000 183
310900 86
312000 96
312000 96
312000 96
312000 96
313000 74
313000 72
313500 72
313500 69
315000 125
315000 125
315000 163
315000 110
540000 109
315000 90
315880 132
316000 105
316000 110
318000 98
318000 210
318000 133
319000 75
319000 75
319000 72
319000 109
320000 130
320000 191
158000 77
320000 64
320000 136
320000 152
320000 133
321000 125
322900 128
323000 75
323000 85
323000 72
323500 73
324000 135
324500 100
325000 90
165850 90
325000 183
325500 90
325500 170
326000 64
327568 130
330000 140
330000 120
330750 85
332800 170
332800 155
333000 115
336000 140
337000 90
499800 149
337000 90
337000 110
338000 75
338500 125
338700 105
339000 73
339000 130
339200 186
339200 155
339200 122
339200 107
339200 153
499800 149
340000 130
340000 150
341000 115
342000 180
343000 88
343000 110
343000 191
343500 113
343500 130
343500 113
345000 135
345000 185
345000 73
164000 60
345000 120
346500 220
347000 112
348500 125
348500 76
349000 170
349000 170
349000 160
349650 170
349800 168
349900 166
351500 80
351500 80
499800 149
351500 80
353000 88
355000 180
356400 185
357000 134
359000 66
359000 130
359000 99
359000 153
359000 175
359700 167
360000 130
360000 153
298000 96
360900 130
362000 144
363000 85
363000 88
365000 140
365594 82
367500 153
367500 180
368000 84
369000 80
369000 80
369000 220
369000 170
201500 100
369000 80
369000 80
370000 198
370000 144
371000 260
372000 84
372750 198
373000 210
374000 84
374400 180
375000 91
375000 152
375000 160
170000 80
375000 160
376000 84
377000 150
378000 175
378000 165
378000 115
378000 115
379000 210
380000 160
380700 160
381600 106
382000 84
385000 200
540000 109
385000 200
385000 115
385000 200
387000 144
389000 80
390000 150
390000 84
390000 84
392000 168
392200 152
395700 178
396000 80
396000 89
243500 80
398000 90
399000 230
399000 146
399600 167
399900 112
399900 111
399900 90
400000 131
401700 140
402000 110
402800 210
405000 160
406575 148
170000 80
408000 160
409000 170
410000 167
412000 160
413400 126
413400 153
414400 114
414900 140
416000 200
417900 155
418500 97
419000 163
419000 163
243500 80
419175 145
419175 145
420000 96
420000 145
424000 116
424000 163
425000 164
425000 164
428000 220
430000 260
430000 123
433300 200
540000 109
433300 200
434000 129
434000 129
434600 135
435000 148
439000 259
440000 91
440000 203
440000 91
440000 204
441000 700
441000 200
441000 179
844000 240
441000 146
443000 146
443100 170
443500 200
443900 190
445200 190
446000 208
447200 200
448000 275
448960 167
449000 93
451500 172
452000 90
844000 240
453000 203
459000 128
459000 129
459000 131
459000 131
459000 128
460000 167
465000 150
470000 196
470000 120
472500 200
474000 120
474700 135
76000 50
476000 220
477000 215
477000 240
478000 135
478000 135
478000 135
482500 100
483000 260
485000 360
495000 180
495000 110
498000 280
499000 250
243500 80
499000 220
499000 119
499000 191
499000 250
499000 280
499000 115
499800 149
500000 115
500000 101
500000 120
500000 101
510000 119
259000 125
513000 167
513000 195
513000 175
515000 180
515000 170
519000 111
520000 119
520000 119
521500 190
526315 186
527500 155
530000 116
530000 116
682000 183
530000 116
530400 160
535000 117
535500 234
539000 184
539000 117
540000 109
540000 220
540000 108
540000 160
540000 116
544000 190
545000 200
248000 90
546000 245
548000 246
549000 160
550000 172
550000 241
555000 200
556500 214
557000 140
560000 210
565000 214
573700 260
578000 111
594840 233
844000 240
594840 233
595000 415
598000 256
598500 225
599000 300
609000 205
610000 380
610000 385
610000 380
619000 135
625000 650
625000 680
628000 135
647900 221
630000 122
635000 450
635000 450
635000 172
649000 217
649900 240
650000 230
650000 190
650000 185
650000 310
651000 197
655000 227
659000 130
647900 221
663000 128
679000 270
682000 183
682000 350
686000 182
695000 112
696000 264
696500 111
696500 111
698000 260
698000 264
699000 240
699000 180
108000 72
705000 140
714000 335
715000 360
725000 250
728000 270
728000 220
735000 320
735000 232
735000 150
740000 420
755000 273
775000 270
780000 300
298000 96
787000 270
795000 300
797000 206
798000 260
798000 270
799000 230
844000 250
844000 354
844000 240
846500 290
848000 250
849000 290
849000 350
107500 28
849088 250
865000 274
885000 260
890000 250
895000 316
909000 300
910000 300
910125 300
926000 230
927000 230
927000 208
927000 239
930000 250
647900 221
935000 196
945000 251
950000 526
953100 230
974000 225
974000 225
980000 478
985000 430
985000 434
994000 192
995000 375
995000 373
997500 384
298000 96
997500 220
1200000 550
1260000 420
1295000 530
1560000 550
1770000 696
48750 19
682000 183
