2283 annonces au total
Prix moyen au m²: 7921€
Prix Surface
320000 54
51900 50
55900 35
56000 35
65000 57
67000 14
67000 35
67000 12
70000 53
77000 10
80000 21
85000 27
85000 23
85600 17
67000 14
86000 18
87000 19
89000 17
92000 18
94000 17
95000 17
95000 21
95000 17
98000 18
98000 19
98000 22
98000 12
99000 27
214400 38
99000 27
99000 29
99000 27
99000 23
99500 17
100000 16
105000 36
105945 52
106000 33
107000 36
107900 44
109000 25
110000 32
698000 37
110000 21
110000 33
112000 67
114000 26
115000 28
115000 23
115000 30
115000 23
115000 25
115000 23
115000 26
116000 23
116000 22
67000 14
117000 50
117000 22
118000 36
119000 26
119000 38
119000 60
119000 60
120000 35
120000 27
122500 60
124500 27
125000 32
125000 18
444880 76
125000 27
125000 18
125000 26
125000 36
125000 18
127000 35
127000 23
129500 29
130000 17
130000 37
130784 32
131000 23
132000 37
259000 37
133000 27
134000 55
134000 23
135000 26
136000 28
137000 30
137000 55
138000 32
138600 25
139000 25
139000 18
139000 35
139500 42
198400 44
139500 32
140000 27
140000 39
140000 39
140000 36
140000 39
140000 36
140000 31
142000 20
142000 35
143000 27
144000 45
145000 25
228000 27
145000 25
145000 25
145000 44
145000 20
145000 29
145000 26
145000 29
146000 24
147500 23
148000 21
148000 33
148000 41
148000 33
599000 100
148400 36
149000 29
149000 21
149000 35
149000 29
149900 34
149900 28
150000 21
150000 35
151000 20
151000 33
153000 30
154000 23
228000 27
154000 23
155000 28
155000 23
155000 70
156000 33
157000 66
157000 38
157000 23
157000 39
158000 54
159000 50
159000 62
159000 28
138600 25
159000 35
159000 42
159000 28
159000 26
159000 24
159000 28
159000 50
160000 50
160000 21
160000 29
160000 25
160000 67
160000 44
138600 25
160000 26
162000 36
162200 27
162200 41
163000 49
163000 47
164000 52
165000 26
165000 53
165000 32
165000 48
165000 22
165000 56
67000 14
166000 49
166000 28
167000 49
167000 40
167600 38
168000 29
168000 31
168000 32
169000 50
169000 34
169000 39
169000 26
169000 50
1060000 74
169000 39
169000 26
169000 50
169000 27
169500 31
169500 50
169600 63
169700 47
169900 35
169900 31
170000 37
170000 29
170000 35
250000 45
170000 55
170000 48
170000 48
170000 29
170000 22
170000 39
172000 34
174000 37
174000 58
174900 56
175000 49
175000 67
250000 45
175000 60
175000 63
176000 52
177000 68
177000 39
178000 65
178000 36
178000 36
178000 36
179000 29
179000 43
179000 31
179000 52
198400 44
179000 63
179000 53
179000 30
179000 35
179500 24
179900 43
180000 34
180000 41
180000 35
180000 26
180000 35
180000 42
180000 48
67000 14
180000 41
180000 34
180000 30
180000 34
180500 35
181000 41
182000 40
182000 36
183000 34
183000 41
183000 80
183000 32
183500 41
228000 27
183500 41
184500 36
184500 37
184800 26
185000 56
185000 41
185000 39
185000 41
185000 41
185000 49
185000 38
185500 27
186000 50
246900 50
186000 42
187000 39
187000 34
187100 46
187300 63
187600 47
188000 23
188000 60
188000 41
188200 36
188680 41
189000 40
189000 24
250000 45
189000 53
189000 43
189000 36
189000 63
189000 40
189000 24
189000 27
189000 58
189000 22
189000 24
189000 50
189500 25
189500 38
198400 44
190000 45
190000 29
190000 30
190000 67
190000 43
190000 35
190000 30
190000 40
190000 32
190000 36
190800 27
191000 39
191300 41
599000 100
191492 21
194000 34
194000 32
194000 37
195000 40
195000 43
195000 38
195000 45
195000 40
195000 34
195000 41
195000 38
195000 46
698000 37
195000 59
195000 38
195000 45
195000 40
195000 38
195000 68
195500 62
195988 21
196000 15
197000 45
197000 52
197000 24
197000 38
228000 27
197500 42
197500 27
198000 38
198000 45
198000 53
198000 40
198320 30
198400 44
199000 46
199000 33
199000 48
199000 52
199000 29
599000 100
199000 40
199000 25
199000 71
199000 59
199000 50
199000 48
199000 52
199000 35
199000 47
199000 54
199000 33
199000 46
199000 64
259000 37
199000 50
199000 54
199000 34
199500 49
199500 44
199800 48
199900 62
199900 46
202000 48
203000 60
205000 34
205000 30
205000 43
198320 30
205000 69
205000 60
205000 43
205000 30
205000 42
205000 75
206000 55
208000 40
208500 27
209000 34
209000 25
210000 38
210000 58
259000 37
210000 38
210000 58
210000 38
210000 57
210000 38
212000 50
212000 67
212000 37
212000 34
212000 51
213000 49
444880 76
213200 40
214000 68
214400 38
215000 34
215000 77
215000 33
215000 80
215000 63
215000 42
215000 34
215000 49
215000 112
216000 20
444880 76
216000 46
217000 60
217000 67
218000 49
218000 54
218000 47
218000 48
218000 45
219000 66
219000 49
219000 36
219000 48
219000 50
444880 76
219000 49
219000 61
219990 70
220000 58
220000 64
220000 54
220000 57
220000 31
220000 39
220000 51
220000 31
220000 47
67000 14
222000 53
222000 32
223400 25
223500 53
225000 38
225000 62
225000 27
225000 50
225000 49
225000 26
225000 33
225000 43
444880 76
225000 33
225000 27
225750 41
226000 51
226000 52
227000 66
227000 45
227000 45
227900 28
227900 33
228000 50
228000 42
246900 50
228000 42
228000 27
228000 40
228000 54
228000 33
228000 49
228900 60
229000 55
229000 75
229000 55
229000 50
229000 90
229000 48
198400 44
229000 55
229000 47
229000 90
229000 66
230000 50
230000 45
230000 50
230000 47
230000 47
230000 46
230000 50
230000 35
231000 48
214400 38
231500 30
232000 46
232000 35
233000 69
233000 69
233000 42
233200 43
233970 32
234000 35
235000 46
235000 34
235000 45
235000 35
259000 37
235000 35
235000 35
235000 35
235000 47
235000 62
235000 34
235000 43
235000 45
235000 34
235000 35
235000 65
235000 32
235000 71
198400 44
236500 40
236500 72
237000 35
237500 28
238100 31
239000 65
239000 74
239000 48
239000 73
239000 69
239000 50
239000 54
239000 70
599000 100
239000 65
240000 52
240000 45
240000 44
240000 55
240000 40
240000 50
240000 41
240895 60
242000 48
243800 63
243800 48
244000 73
1060000 74
244000 51
245000 49
245000 32
245000 70
245000 74
245000 64
245000 34
245000 50
245000 37
245000 41
245000 52
245000 50
245000 49
138600 25
246900 50
248000 38
248000 30
249000 75
249000 58
249000 46
249000 44
249000 53
249000 50
249000 46
249000 67
249000 33
249000 69
198400 44
249000 66
249000 65
249000 46
249000 33
250000 53
250000 90
250000 40
250000 45
250000 45
250000 40
251655 68
251920 40
252000 32
67000 14
252000 32
252000 84
253000 37
253000 59
253000 33
254000 46
254000 55
255000 68
255000 60
255000 68
255000 45
255000 68
255000 42
198320 30
255000 61
255300 61
255500 67
255900 67
257000 45
257000 50
257000 53
258000 70
258000 45
259000 68
259000 42
259000 37
259000 55
67000 14
259000 61
259000 68
259000 37
259000 47
259000 66
259500 61
259500 61
259975 42
260000 54
260000 62
260000 39
260000 63
260000 75
228000 27
260000 63
260000 75
260000 50
260000 46
262000 46
262500 55
264000 73
265000 40
265000 69
265000 68
265000 33
265000 32
265000 80
698000 37
265000 80
265000 40
265000 50
265000 35
265000 41
265000 35
265000 37
265000 64
265000 40
265000 35
265000 92
265000 66
265000 57
1060000 74
265300 33
266000 33
266000 40
266000 38
266000 52
267000 57
267700 60
268000 51
268000 65
268000 51
268000 45
268000 34
269000 58
259000 37
269000 46
269000 58
270000 42
270000 50
270000 63
270000 77
270000 63
270000 58
270000 54
271000 70
272700 67
273000 80
273000 37
67000 14
273000 62
275000 60
275000 70
275000 59
275000 50
275000 70
275000 70
275000 48
275000 70
275000 52
275000 48
275000 40
275000 43
444880 76
275000 43
275000 43
275000 70
275600 68
275600 21
276000 57
276000 85
277500 74
278000 49
279000 72
279000 75
279000 48
279000 50
246900 50
279000 43
279000 44
279000 60
279000 48
279000 75
280000 44
280000 47
280000 73
280000 68
280000 75
280000 56
280000 56
280000 52
1060000 74
280000 73
280000 68
280000 56
280000 75
280000 56
280000 66
280000 37
285000 66
285000 44
285000 36
285000 50
285000 66
67000 14
286000 36
287000 60
287500 80
288000 67
288000 57
288000 55
288000 57
289000 80
289000 68
289000 27
289000 74
289000 41
289000 72
259000 37
289000 51
289000 27
289000 41
289000 72
289000 90
289000 72
289000 74
289000 27
289000 68
289000 72
289000 40
289000 58
289440 70
250000 45
289900 61
290000 72
290000 49
290000 48
290000 45
290000 64
290000 30
291000 58
291500 41
294000 85
294000 70
294990 64
259000 37
295000 72
295000 42
295000 45
295000 64
295000 34
295000 34
295000 33
295000 55
295000 35
295000 64
295000 34
295000 64
295000 59
259000 37
295000 45
295000 33
295000 64
296000 46
296000 47
296800 73
297000 49
297000 64
297800 78
298000 55
299000 62
299000 76
214400 38
299000 69
299000 76
299000 47
299000 41
299000 59
299000 42
299000 91
299000 51
299000 46
299000 53
299000 50
299000 50
299000 92
198320 30
299000 64
299500 57
299900 47
300000 71
300000 71
300000 91
302000 54
305000 100
305000 69
305000 64
306000 45
306800 48
308500 65
198320 30
309000 63
309900 80
310000 73
310000 74
310000 55
310000 45
310000 53
310000 64
310000 48
313000 63
314000 41
315000 60
315000 63
246900 50
315000 37
315000 57
315000 63
315000 74
315000 60
315000 60
315000 63
315000 57
315000 68
315000 56
315990 58
316000 48
317000 48
698000 37
317000 48
318000 67
318000 69
318000 107
318000 58
318000 74
318000 36
318000 107
318000 47
318000 55
318000 55
318000 40
318000 54
1060000 74
318000 75
319000 60
319000 63
319000 61
319000 66
319000 60
320000 56
320000 69
320000 47
320000 70
320000 84
320000 72
320000 40
294990 64
320000 64
320000 77
320000 40
320000 56
320000 75
320000 69
320000 70
320000 44
322360 51
325000 73
325000 73
325000 73
325000 77
1060000 74
325000 73
325000 63
325000 73
325000 47
325000 84
325000 73
325000 46
325000 73
325000 73
325000 73
325000 73
325000 59
328000 54
138600 25
329000 60
329000 72
329000 60
329000 77
329000 60
329000 67
329000 72
329000 42
330000 70
330000 54
330000 69
330000 63
330000 57
214400 38
330000 52
330000 70
330000 48
330000 68
330750 21
332000 68
332500 62
332850 68
333000 43
333000 66
335000 60
335000 47
335000 79
294990 64
335000 61
335000 84
335000 47
335000 79
335000 47
335000 85
336000 55
336000 55
336000 54
337000 55
338000 78
338000 78
338500 77
138600 25
339000 65
339000 86
339000 67
339000 85
339000 60
339000 67
339000 43
339000 47
339000 59
339000 72
339000 78
339000 59
339000 85
294990 64
339200 85
340000 55
340000 30
340000 65
340000 50
340000 70
340400 85
340425 60
343000 77
344000 71
344500 52
345000 42
67000 14
345000 72
345000 73
345000 42
345000 42
345000 54
345000 42
345000 42
345196 45
348000 75
348000 73
348000 46
348000 97
444880 76
348000 97
349000 41
349000 102
349000 56
349000 42
349000 75
349000 45
349000 118
349000 61
349000 46
349000 102
349000 58
349000 86
67000 14
349000 55
349000 79
349500 92
349800 55
349990 85
350000 79
350000 50
350000 50
350000 66
350000 67
350000 71
350000 37
350000 90
138600 25
350000 40
350000 68
350000 55
350000 35
350000 42
351000 86
354000 84
355000 43
355000 65
355000 43
355000 76
355000 43
355000 43
250000 45
355000 43
357000 76
359000 51
359004 45
360000 90
360000 57
360000 75
360000 100
361000 40
363000 96
363965 53
364000 53
364000 51
214400 38
365000 70
365000 50
365000 50
365000 70
365000 51
365700 60
367000 52
367000 80
367000 74
369000 104
369000 69
370000 52
370000 45
228000 27
370000 52
370000 45
370000 52
370000 86
370000 70
370000 74
370000 64
371000 65
371000 52
372000 52
372000 65
372000 45
372340 48
1060000 74
372340 48
372500 53
373000 70
375000 75
375000 70
375000 51
375000 61
375000 53
375900 48
376000 87
376300 48
377000 71
378000 70
198320 30
378000 70
378000 74
378000 41
379000 62
379000 67
379800 100
380000 80
380000 65
380000 85
380000 87
380000 69
380000 46
381600 84
198320 30
383000 64
385000 42
385000 92
385000 71
385000 83
385000 43
385000 55
385000 109
385000 85
385000 75
385000 95
388500 53
389000 69
698000 37
389000 69
390000 46
390000 50
390000 65
390000 65
390000 72
390000 54
392000 67
392000 53
392000 53
394000 53
394990 80
395000 43
250000 45
395000 44
395000 51
395000 90
395000 80
395000 81
395000 75
395000 75
395000 70
395000 105
395000 43
395000 63
397500 85
397500 82
214400 38
398000 56
398000 82
398000 63
398000 69
399000 69
399000 47
399000 64
399000 85
399000 73
399000 75
399000 75
399000 67
399000 87
294990 64
399000 73
399900 73
399999 89
400000 75
400000 104
400000 90
400000 61
400000 47
400000 48
405000 88
405000 87
405000 87
408100 72
1060000 74
408100 72
409000 90
410000 90
410000 65
410000 74
410000 93
410000 70
415000 80
415000 78
415000 70
415000 84
415000 70
415000 80
198320 30
418000 80
419000 100
420000 90
420000 82
420000 96
420000 50
420000 66
420000 87
420000 67
420000 85
423000 77
423000 119
424000 95
1060000 74
424000 95
424000 59
424000 53
424000 100
425000 69
425000 49
425000 70
425000 78
425000 101
425000 74
425000 57
425000 70
198400 44
429000 90
429000 117
429000 84
429000 85
429000 72
429000 67
430000 49
430000 50
430000 81
430000 65
430000 46
430000 78
430000 64
444880 76
430000 46
430000 80
434000 73
435000 49
435000 116
435000 53
435000 90
435000 42
435000 51
435000 52
435000 131
435000 75
435000 82
250000 45
439000 76
439000 56
440000 108
440000 67
441500 80
442000 70
444880 76
445000 80
445000 80
445000 80
445000 100
445000 64
445000 81
1060000 74
445000 100
445000 64
445200 59
446000 130
448000 69
449000 88
449000 65
449000 121
449000 51
449000 70
450000 66
450000 48
450000 48
294990 64
450000 89
450000 48
450000 66
450000 40
455000 61
455000 79
455000 78
455000 81
456000 69
459000 87
459000 79
459000 80
459900 120
259000 37
459900 120
460000 58
460000 98
460000 50
461000 80
461000 41
463000 80
465000 55
465000 90
465000 74
467250 66
469000 48
469000 85
246900 50
469000 78
470000 104
470000 86
470000 78
470000 112
472500 58
474000 112
475000 78
475000 112
475000 94
475000 72
475000 79
444880 76
477000 58
477000 74
477000 66
477000 76
477000 35
477000 109
477000 57
477000 68
477000 69
477000 75
478800 75
479000 58
479000 78
67000 14
479000 80
479000 58
479000 78
479000 58
480000 75
480000 82
480000 82
480000 82
485000 88
485000 103
485000 103
485000 89
67000 14
487600 109
489000 82
489000 108
490000 87
490000 87
490000 91
490000 126
490000 48
490000 80
495000 88
495000 71
495000 76
495000 76
1060000 74
495000 76
495000 88
495000 99
495000 71
495000 88
495000 70
495000 65
495000 77
495000 103
495000 86
495000 53
495000 70
495000 72
214400 38
495000 76
495000 77
495000 68
495000 86
496000 67
497500 80
499000 78
499000 80
499000 65
499000 90
499000 81
499000 100
499000 85
294990 64
499000 81
499000 85
499000 90
499000 80
499000 85
500000 89
504000 63
509000 90
509000 74
509000 75
510000 57
510000 110
514100 74
599000 100
514100 74
519000 91
519000 72
519000 89
520000 63
520000 64
520000 89
520000 39
520000 73
520000 61
520000 63
520000 108
524000 105
214400 38
525000 89
525000 63
525000 52
525000 200
525000 52
527000 88
528000 71
529000 65
530000 92
530000 90
530000 67
530000 89
530000 88
228000 27
530000 67
530000 89
530000 78
535000 95
535000 96
536000 66
539000 117
540000 80
540000 87
540000 63
540000 90
545000 45
545000 60
698000 37
545000 45
547000 114
549000 80
549000 88
550000 120
550000 72
550000 79
550000 100
550000 73
550000 86
550000 55
550800 67
551000 65
67000 14
555000 78
555000 78
555000 64
555000 92
557000 74
559000 68
560000 71
560000 78
560000 93
560000 68
560000 76
560000 78
560000 71
198400 44
560000 97
560000 73
565000 85
565000 118
565000 81
569000 71
569000 166
570000 100
570000 80
570000 128
571000 62
575000 89
575000 158
246900 50
576400 104
577000 90
579000 148
579000 92
580000 84
580000 65
580000 115
580000 92
580000 115
580000 90
580000 110
580000 81
246900 50
585000 54
585000 76
585000 90
585000 76
585000 110
585000 67
586000 76
587967 89
588000 65
589000 67
589000 84
590000 165
590000 74
138600 25
590000 85
590000 70
590000 87
590000 72
590000 90
590000 96
590000 85
595000 70
595000 60
595000 67
595000 106
595000 60
595000 75
444880 76
595000 113
595000 60
595000 106
595000 64
595000 60
595000 88
595000 60
595000 60
595000 66
595000 70
595000 67
595000 91
246900 50
598000 77
598000 31
598179 71
599000 83
599000 90
599000 55
599000 115
599000 146
599000 71
599000 147
599000 100
599000 90
599000 84
1060000 74
599000 71
599000 146
599000 147
599000 147
599000 100
599000 84
599000 147
599000 100
600000 60
600000 72
600000 72
600000 60
604000 66
444880 76
613000 110
615000 91
615000 85
617000 94
619000 80
620000 46
621000 69
621000 69
621000 69
621000 69
622700 46
625000 130
625000 104
214400 38
625000 104
625000 63
627600 145
630000 110
630000 115
630000 90
630000 115
630000 78
630000 111
630000 71
630000 92
630000 150
632000 115
250000 45
635000 48
635000 80
635000 104
636000 90
636000 98
636000 85
638000 66
639000 102
640000 58
640000 66
640000 130
640000 61
645000 108
214400 38
645000 64
645750 82
648000 104
649000 117
649000 72
649000 105
649000 120
649900 104
650000 110
650000 85
650000 125
650000 104
650000 103
198320 30
650000 165
650000 74
653000 67
653000 67
653000 67
654500 100
655000 160
655000 159
658000 57
660000 93
662000 94
662000 94
662000 93
599000 100
664000 82
664000 93
665000 130
665000 133
665000 75
670000 82
670000 104
672000 104
677000 65
679000 111
679000 80
680000 74
680000 96
198320 30
680000 55
680000 82
684000 82
685000 104
685000 80
685000 97
685000 110
689000 81
689000 109
689000 100
689000 98
690000 73
690000 67
198320 30
690000 61
690000 91
690000 105
690000 73
690000 67
690000 91
690000 98
690000 91
690000 98
692000 98
692000 58
695000 74
695000 150
246900 50
695000 98
695000 74
695000 151
695000 118
695000 170
695000 94
698000 70
698000 37
698000 70
699000 100
699000 150
699000 110
699000 111
246900 50
699000 150
699000 111
699000 150
699000 150
700000 78
700000 100
700000 82
707500 114
710000 103
720000 105
723000 109
725000 94
725000 110
67000 14
725000 110
735000 89
735000 99
740000 144
742000 90
742000 170
745000 110
745000 82
748000 91
749000 100
749000 62
749000 62
749000 92
250000 45
749000 72
750000 120
750000 110
750000 76
750000 135
750000 74
750000 171
752600 101
755000 194
757900 100
760000 78
760000 92
250000 45
760000 82
760000 92
760000 89
761000 101
765000 88
765000 111
765000 112
770000 139
780000 109
780000 64
780000 120
780000 109
780000 34
599000 100
780000 78
780000 74
780000 64
780000 109
780000 120
780000 109
780000 114
780000 109
784000 77
784000 78
785000 110
785000 84
787500 113
698000 37
788000 92
790000 125
790000 154
790000 72
790000 91
790000 154
790000 220
790000 85
790000 172
790000 85
790000 152
790000 88
795000 145
67000 14
795000 145
795000 100
795000 80
795000 109
795000 82
795000 75
795000 113
795000 158
795000 108
795000 130
795000 78
798000 110
246900 50
799000 86
799000 150
799000 93
799000 131
799000 171
799000 97
800000 160
800000 132
800000 145
800000 85
810000 140
810000 97
810000 108
198400 44
819000 137
820000 101
825000 84
825000 132
825000 84
830000 90
830000 72
830000 100
830000 126
835000 113
840000 160
840000 127
840000 130
138600 25
840000 130
845000 66
845000 96
846000 86
846000 87
846000 87
846000 87
848000 66
848000 65
848000 103
848000 126
848000 152
849000 175
599000 100
849000 110
849000 175
849000 110
849000 110
849000 137
849900 130
850000 92
850000 96
850000 137
850000 100
850000 110
850000 158
850000 185
138600 25
850000 180
850000 296
850000 158
850000 147
850000 185
850000 80
860000 100
860000 160
861000 94
865000 110
880000 82
880000 60
890000 85
250000 45
890000 86
890000 92
890000 230
890000 85
890000 103
890000 103
892000 95
895000 163
895000 155
895000 160
895000 120
895000 85
895000 120
228000 27
895000 98
895000 91
895000 130
895000 163
895000 129
895000 148
899000 163
899000 160
899000 110
900000 98
920000 114
920000 98
198400 44
930000 72
930000 98
930000 180
930000 132
934000 85
943000 135
949000 97
950000 141
950000 116
950000 141
950000 115
950000 115
950000 142
198320 30
950000 142
955000 111
960000 95
970000 110
977000 106
979000 90
980000 83
980000 293
985000 92
985000 91
990000 138
990000 123
1060000 74
990000 138
990000 123
990000 300
990000 160
990000 106
995000 115
995000 145
995000 87
995000 104
995000 99
995000 87
995000 120
246900 50
996900 85
997500 200
998000 101
998000 115
998000 115
999000 104
1000000 110
1010000 86
1023000 89
1024000 121
1024000 172
1030000 85
1050000 94
1060000 74
1050000 94
1050000 96
1050000 150
1050000 93
1060000 100
1060000 71
1060000 101
1060000 95
1060000 101
1060000 160
1060000 170
1060000 80
1060000 70
1060000 74
1060000 215
1060000 140
1080000 126
1090000 95
1090000 91
1090000 180
1090000 180
1090000 87
1090000 126
1095000 100
1100000 82
1100000 120
1118000 145
250000 45
1120000 180
1140000 94
1149000 118
1150000 205
1150000 115
1150000 135
1160000 90
1160000 138
1166000 75
1170000 110
1179200 105
1180000 86
1190000 104
444880 76
1190000 96
1200000 103
1200000 105
1200000 104
1215000 140
1220000 93
1225000 112
1225000 112
1250000 181
1260000 94
1260000 175
1270000 104
1270000 68
138600 25
1270000 104
1270000 82
1290000 116
1290000 156
1293000 195
1325000 113
1325000 136
1350000 110
1350000 140
1350000 114
1350000 165
1365000 110
1365000 190
138600 25
1365000 139
1370000 104
1370000 171
1380000 60
1380000 83
1380000 240
1380000 145
1380000 83
1390000 103
1390000 115
1390000 380
1400000 153
1425000 161
250000 45
1430000 109
1430000 109
1430000 109
1430000 109
1430000 124
1430000 109
1450000 220
1450000 147
1458000 127
1470000 82
1470000 152
1470000 148
67000 14
1475000 220
1475000 216
1480000 150
1480000 92
1484000 223
1484000 225
1485000 127
1485000 150
1490000 133
1490000 150
1495000 127
1500000 165
1500000 250
67000 14
1500000 115
1511000 115
1530000 130
1530000 130
1530000 141
1530000 130
1530000 140
1550000 136
1550000 67
1555000 193
1575000 183
1575000 142
1580000 193
294990 64
1580000 175
1590000 160
1590000 165
1590000 175
1590000 135
1590000 165
1590000 165
1590000 405
1590000 141
1590000 175
1590000 75
1590000 120
1590000 136
294990 64
1590000 175
1590000 128
1590000 75
1590000 120
1595000 139
1595000 373
1650000 97
1650000 94
1660000 180
1667000 180
1680000 122
1680000 200
1680000 125
1060000 74
1680000 122
1685000 180
1690000 181
1690000 130
1690000 157
1690000 170
1696000 180
1700000 172
1700000 168
1790000 200
1790000 209
1790000 104
1060000 74
1800000 170
1800000 175
1850000 140
1850000 110
1890000 261
1890000 280
1895000 101
1900000 135
1950000 230
1950000 350
1976000 191
1985000 250
1990000 217
599000 100
1990000 217
1990000 175
1995000 123
1995000 123
1999000 193
2000000 280
2000000 185
2050000 166
2100000 225
2100000 200
2100000 280
2100000 280
2150000 85
599000 100
2200000 101
2200000 132
2200000 178
2200000 167
2225000 260
2250000 83
2250000 83
2250000 83
2250000 83
2250000 83
2250000 83
2250000 83
2288000 105
228000 27
2300000 150
2300000 109
2300000 131
2310000 228
2332000 105
2350000 102
2350000 100
2350000 84
2350000 83
2390000 260
2390000 260
2400000 131
2450000 228
67000 14
2470000 135
2480000 220
2490000 105
2500000 120
2500000 120
2500000 125
2580000 145
2592000 252
2599000 400
2600000 450
2625000 118
2650000 250
2650000 300
214400 38
2660000 375
2690000 195
2700000 160
2700000 160
2750000 300
2780000 173
2780000 350
2780000 173
2800000 154
2800000 200
2850000 350
2900000 375
444880 76
2900000 500
2900000 349
2900000 484
2900000 375
2900000 265
2950000 161
2950000 950
2950000 160
2990000 400
2990000 300
2990000 300
3000000 120
3000000 231
444880 76
3150000 88
3150000 94
3150000 143
3180000 88
3200000 167
3400000 307
3500000 280
3500000 102
3570000 165
3600000 333
3675000 280
3700000 287
246900 50
3700000 807
3750000 165
3750000 160
3750000 241
3750000 375
3800000 330
3800000 240
3800000 350
3862500 163
3900000 378
3960000 450
3990000 350
4480000 400
198400 44
4480000 400
4495000 233
4500000 251
4500000 564
4700000 111
4787000 110
4800000 330
6000000 160
6000000 400
6500000 550
6800000 137
6900000 465
6900000 450
599000 100
6900000 784
7350000 511
7900000 550
8500000 157
9900000 440
10000000 450
10000000 450
11500000 223
12900000 500
15000000 500
259000 37
