1418 annonces au total
Prix moyen au m²: 2372€
Prix Surface
164300 73
28500 19
31900 19
32000 19
33900 19
33900 19
36800 16
39000 19
39000 19
44895 83
49000 49
49152 18
49990 69
50000 18
391000 101
50000 51
52000 20
52000 48
53000 18
54500 33
54750 79
54750 79
55000 25
55000 29
55000 19
57000 27
59000 65
59000 27
99900 71
59000 27
59100 28
59600 32
59600 47
59600 46
59900 35
60000 35
60000 15
61000 40
61500 20
62000 18
62640 68
63000 71
118000 41
64000 61
64300 71
65000 74
65000 34
65000 84
65000 68
66000 38
66000 90
66940 21
67000 35
67500 36
67890 39
68000 82
118000 41
68499 31
68500 54
68500 54
68670 31
69000 33
69300 32
69900 70
70000 37
70500 75
71000 40
71000 36
71000 39
71400 26
240000 64
71500 38
71800 38
72000 44
74000 53
74500 79
75000 98
75000 33
75000 46
75000 37
75600 46
75600 46
76090 81
76090 41
138000 100
76090 41
76500 75
77000 23
78376 60
78800 30
79000 18
79000 50
79000 20
79300 43
79990 44
80000 57
80000 75
80000 54
118000 41
80000 79
80000 36
80000 33
80200 50
80200 40
80200 58
81000 51
81000 40
81000 74
81525 67
82000 38
82000 34
82000 115
99900 71
82500 28
83000 43
83800 58
84000 59
84000 84
84000 33
84200 68
84300 98
84500 28
84500 25
84500 51
85000 33
85000 46
138000 100
85000 79
85000 37
85000 51
85000 51
85500 90
85600 71
86400 70
86400 52
86920 37
87000 34
87000 45
87200 49
138000 100
87500 40
87500 58
88477 32
88500 63
88500 53
88500 53
89000 106
89000 53
89000 34
89000 55
89100 18
89200 18
89500 48
118000 41
89700 38
89800 66
89855 83
89900 72
89900 44
89900 68
90000 48
90000 46
90100 41
91000 58
91000 67
91000 91
138000 100
91000 56
91500 68
91800 46
91800 72
91800 65
91800 68
92000 39
92000 104
92300 50
92300 38
92400 76
92500 41
92500 24
99000 66
93000 57
93200 21
93200 39
93200 38
93400 52
93400 67
93700 40
93800 43
94500 82
94500 18
94500 46
95000 70
95000 40
138000 100
95000 40
95000 52
95000 23
95040 71
95500 18
95500 18
95600 18
95600 18
95600 18
95600 18
96000 22
96000 68
96000 67
240000 64
96000 37
96500 53
96600 18
96700 18
96700 18
96700 18
96700 19
96700 18
96800 39
97000 60
97000 78
97000 23
97000 55
99900 71
97200 69
97400 45
97520 50
97600 18
97600 18
97600 18
97700 18
97700 18
97700 18
97700 18
97700 18
97700 18
97800 87
99900 71
97830 69
98000 18
98000 73
98000 65
98000 18
98000 18
98000 42
98000 50
98200 69
98500 71
98500 47
98900 58
99000 68
117000 36
99000 83
99000 68
99000 72
99000 71
99000 70
99000 69
99000 50
99000 61
99000 68
99000 66
99000 68
99000 58
99000 70
391000 101
99000 69
99500 57
99500 78
99600 67
99715 63
99750 67
99840 23
99900 76
99900 76
99900 72
99900 71
99900 56
99900 72
240000 64
99938 55
100000 29
100000 85
100000 71
100000 67
100700 80
101000 64
101200 71
101650 80
102000 60
102000 53
102000 58
102000 59
391000 101
102000 43
102600 66
102600 68
102600 65
102600 42
102800 35
103000 67
103500 23
104000 48
104000 48
104300 75
104750 54
96000 67
105000 56
105000 47
105000 150
105300 21
105500 45
105500 26
105500 56
106000 69
106000 39
106700 90
107000 46
107000 43
107000 65
240000 64
107000 65
107000 46
107000 49
107800 125
108500 39
109000 23
109000 43
110000 41
110000 79
110000 73
110000 44
110000 66
110000 60
240000 64
110000 76
110000 73
110210 76
110250 71
110800 79
111000 67
111000 45
111000 87
111200 39
111400 23
111500 56
111800 23
112000 78
118000 41
112000 78
112000 91
112000 83
112000 63
112000 59
112000 63
112000 83
112000 60
112000 63
112000 65
112300 68
112500 78
112500 70
99000 66
112500 68
112665 81
112800 78
113000 69
113000 60
113000 72
113400 65
114000 23
114000 64
114000 28
114000 46
114000 29
114900 49
96000 67
114900 86
114900 60
115000 49
115000 70
115000 68
115000 69
115000 49
115000 23
115000 27
116000 70
116000 70
116500 44
116500 64
96000 67
116500 43
116600 57
116600 54
117000 36
117000 43
117000 66
117500 66
117500 66
117700 62
117700 73
117700 61
117700 66
117700 66
99900 71
117900 70
118000 40
118000 65
118000 63
118000 84
118000 41
118000 73
118030 53
118250 85
118500 66
118500 62
118500 81
118800 68
391000 101
118800 68
119000 80
119000 29
119000 72
119000 57
119000 68
119000 64
119000 74
119500 67
119500 64
119600 75
119700 93
119900 65
391000 101
120000 92
120000 85
120000 66
120000 41
120000 60
120000 75
120500 232
121000 54
121000 65
121000 79
121500 34
121900 65
122000 72
99000 66
122000 64
122000 80
122500 36
123000 43
123000 66
123000 58
123000 50
123050 77
123050 80
124000 56
124800 76
125000 64
125000 48
118000 41
125000 80
125300 37
125300 41
125760 39
126000 39
126000 75
126000 77
126000 56
126000 39
126000 77
126000 74
126200 64
126500 92
99900 71
126500 92
127000 36
127000 71
127000 40
127200 60
127300 97
127600 79
128000 75
128000 66
128000 65
128400 64
128400 48
128500 76
240000 64
128500 76
128500 47
128500 72
128500 66
128500 50
129000 60
129000 40
129000 36
129000 59
129500 74
130000 93
130000 140
130000 66
240000 64
130000 57
130000 66
130000 39
130000 43
130400 42
130400 80
130400 81
130500 97
131000 40
131000 42
132000 36
132000 53
96000 67
132380 94
132500 42
132600 83
132600 83
133000 37
133000 42
133000 42
133125 67
133500 42
133750 53
133750 67
133750 60
134000 59
99000 66
134500 71
135000 90
135000 43
135044 56
136000 64
136000 41
136500 43
136500 39
136500 84
136500 66
136600 42
136960 59
137000 44
117000 36
137500 42
137500 75
137800 64
137800 47
138000 42
138000 100
138000 68
138000 68
138000 39
139000 46
139000 140
139100 71
139100 90
92000 39
139360 67
139500 77
139500 83
139600 42
139920 60
139920 78
140000 43
140000 64
140000 43
140900 34
141200 41
141200 40
141700 68
391000 101
141700 68
143000 68
143100 80
143500 41
143500 73
143700 64
144000 69
144000 44
144000 44
144400 40
144690 41
144762 59
145000 30
138000 100
145000 73
145300 41
146000 85
146000 43
146000 76
146000 94
146000 44
146000 46
146200 85
147000 56
147000 78
147000 45
147200 61
99900 71
147600 59
148000 68
148000 59
148000 63
148000 62
148000 68
148000 84
148100 61
148700 45
148730 78
149000 76
149000 94
149000 77
96000 67
149000 83
149000 81
149000 46
149200 102
149400 76
149500 62
149800 94
149800 54
149800 61
149900 85
150000 45
150000 44
150000 59
240000 64
150000 44
151200 58
151200 42
151300 41
151700 60
152000 88
152000 61
152000 66
152000 61
152250 52
152400 41
152500 61
152900 42
240000 64
152900 61
153000 86
153500 42
153600 42
153700 43
154000 79
154700 42
154900 79
155000 67
155000 76
155000 82
155000 62
155000 78
240000 64
155500 42
156000 46
158000 92
158000 74
158000 66
158000 55
158000 55
158000 93
158000 93
158000 71
158000 74
158000 87
158000 73
92000 39
158200 80
158500 42
159000 82
159000 93
159000 63
159000 77
159000 46
159000 46
159000 43
159000 74
159000 74
159000 53
159000 77
96000 67
159000 82
159120 72
159900 42
159900 86
160000 65
160000 85
160500 99
161000 39
162000 46
162000 40
162400 40
162400 39
163000 94
117000 36
163000 64
163000 94
163300 41
163800 45
163800 97
164000 44
164000 59
164000 94
164000 96
164000 107
164000 90
164300 73
164400 69
117000 36
164900 69
165000 45
165000 63
166000 80
166000 46
166400 76
167000 60
167000 130
167500 95
167900 80
168000 80
168000 60
168000 69
117000 36
168000 93
168000 80
168100 57
169000 67
169000 46
169000 65
169000 69
169000 80
169050 100
169120 92
169120 110
169500 80
169500 41
138000 100
169600 90
169600 87
169600 99
169900 84
169900 84
170000 107
170900 80
171200 57
171400 80
172000 68
172000 67
172200 80
96000 67
173500 77
174000 81
174000 41
174000 83
174000 37
174400 120
174700 75
174900 92
174900 130
174900 95
175000 68
175000 110
175000 105
391000 101
175000 105
175000 66
175000 115
175700 58
175700 77
176000 41
176500 78
176700 80
177000 57
177700 58
177700 59
178000 100
178000 63
92000 39
178500 97
178700 59
178800 59
179000 83
179000 56
179000 87
179000 66
179000 79
179000 72
179300 80
179500 90
180000 44
180000 44
99900 71
180000 58
180000 62
180000 41
180000 82
180000 83
180000 63
180000 118
180000 80
180400 90
180700 63
180700 87
181000 58
181000 90
99000 66
181200 84
181700 57
181700 63
182000 100
182700 59
182700 57
183000 43
183100 62
183200 82
183500 58
183750 90
183750 74
184000 58
96000 67
184400 43
184800 120
185000 90
185000 101
185000 66
185000 101
185000 62
186200 50
187000 80
187000 111
187000 87
187700 62
187700 63
117000 36
188000 102
188000 58
188000 88
188200 77
188500 59
189000 102
189000 66
189000 76
189000 77
189000 80
189700 63
190000 105
190000 101
391000 101
190000 105
190000 90
190000 73
190000 110
190000 102
190260 90
190500 68
190500 67
190700 57
191000 41
191000 59
191000 180
191100 127
240000 64
191200 63
191700 63
192000 66
192000 57
192000 46
193000 112
194000 63
194000 67
194000 58
194000 59
194000 48
194000 110
194000 110
240000 64
194250 99
195000 97
195000 80
195700 63
195900 59
196000 66
196000 43
196000 65
196000 67
196000 43
196000 64
197000 47
197300 63
240000 64
197700 64
198000 150
198000 145
198000 120
198700 61
199000 100
199000 138
199000 96
199000 74
199000 39
199000 94
199000 97
199000 59
240000 64
199500 64
199500 91
200000 127
200000 127
200000 58
200700 65
202000 89
203000 59
203000 64
203000 41
203000 64
203500 42
118000 41
204500 60
205000 120
205000 70
205000 133
205000 43
205300 64
206000 147
206000 78
206000 63
208000 49
208000 70
208000 77
208000 59
92000 39
209000 92
209000 43
209000 220
209000 70
209700 100
209800 61
210000 86
210000 65
210000 100
210000 58
210000 69
210000 90
210800 65
118000 41
211000 81
211500 85
212000 64
212000 112
212000 300
212000 83
212000 110
212000 59
212800 61
213000 240
213000 65
213600 117
214000 84
118000 41
214000 103
215000 161
215000 85
215000 143
215000 81
215000 161
215000 350
215000 66
215000 65
215100 200
215700 61
216000 103
216600 61
391000 101
216600 61
217100 77
217330 261
218000 70
218200 64
218700 61
219000 81
219000 581
219000 41
219000 59
219000 115
219000 58
219000 43
391000 101
220000 89
220000 41
220000 110
220000 65
220000 84
220000 116
221000 84
221000 67
221000 82
221500 99
222000 67
222000 49
222000 64
118000 41
222600 93
222800 71
222800 61
223000 80
223000 80
223000 93
223851 75
224000 46
224400 62
224600 65
225000 150
225000 56
225000 43
138000 100
225000 64
225770 140
226000 67
226000 49
227000 81
227000 134
227000 71
227000 84
227000 81
227000 150
227600 65
228100 64
229000 70
138000 100
229000 93
229000 92
229900 102
229999 101
230000 49
230000 58
230000 300
230000 63
230500 65
231000 66
231500 70
232000 107
232000 55
99900 71
233000 81
233000 84
234000 69
234000 57
234200 64
235000 58
235000 49
235000 110
235000 58
235000 95
235600 99
236000 87
236000 81
240000 64
236000 81
236192 65
237000 66
237100 64
237375 112
237445 65
238000 175
239000 152
239000 66
239400 62
240000 63
240000 82
240000 64
96000 67
240000 96
240500 160
241000 66
241500 158
242000 126
242000 70
242500 60
243000 72
243000 102
243000 64
243800 105
244000 128
244000 98
99900 71
245000 130
245000 79
245000 69
245000 130
245874 84
246000 112
246280 275
247000 130
247000 145
247500 60
248000 66
248000 130
240000 64
248500 60
248900 125
249000 66
249000 101
249000 60
249000 60
249500 77
250000 48
250000 108
250500 67
251520 285
252000 60
252800 78
99900 71
253000 82
253000 138
253000 58
253500 60
253600 91
254000 108
254000 71
255000 93
255000 112
255000 90
255000 120
257800 95
260500 64
117000 36
261000 85
261223 94
262500 75
262500 117
262500 100
263200 77
263400 67
264000 169
264574 95
265000 113
265000 77
265000 115
265000 300
92000 39
266100 77
266100 77
266500 64
267000 85
267700 146
268000 86
268000 136
268900 91
269610 102
270000 101
270300 130
270400 102
270400 103
99900 71
270400 102
270500 188
271950 91
274000 90
274000 120
274500 89
275000 142
275000 132
275500 70
275600 117
276000 90
277500 70
277500 65
96000 67
279000 69
279000 70
279700 81
280000 105
282500 65
283300 82
285000 90
285000 93
285000 247
285200 83
286000 115
286000 96
287300 79
240000 64
289000 106
290000 97
290000 110
290000 90
290000 130
290000 125
291500 96
294000 74
295000 192
297500 139
299000 86
299000 190
299900 66
99000 66
300000 135
300000 206
301500 60
302124 109
302800 72
303200 82
303200 82
305000 152
305000 79
307800 72
308500 79
309000 88
309000 114
391000 101
309000 114
309000 72
309000 72
310000 120
310000 217
310000 73
310000 217
310000 170
310000 121
313500 116
315000 94
315000 86
315000 86
240000 64
315500 79
316000 74
316300 118
320000 130
321000 74
321000 74
322500 82
323300 90
324000 136
324000 72
325500 79
328000 180
328000 176
240000 64
328000 176
328500 79
328600 190
330000 183
330500 79
332000 72
332000 92
335000 111
336000 106
336800 228
336800 133
337000 127
337400 80
96000 67
338000 74
338500 70
339000 82
339000 84
340000 150
342000 85
342500 79
343200 264
344000 149
344000 160
344500 79
345000 198
345000 146
99000 66
345500 85
345840 180
347400 79
347400 79
348000 97
348400 79
349000 340
349173 166
349800 150
350000 109
350000 137
350480 130
352000 130
96000 67
352000 107
354500 79
357000 95
357000 93
359400 129
359500 79
359900 160
360000 270
360000 315
360000 130
360400 147
362000 92
364500 84
99000 66
365000 109
365000 180
367500 170
370000 78
370000 253
374300 92
375500 79
378000 200
382000 89
383000 104
385000 70
385000 105
389500 79
99000 66
391000 101
392000 90
392000 116
395000 265
396600 97
398620 145
399000 318
399000 268
399950 127
402000 106
407000 91
411500 89
424500 89
118000 41
425000 250
435000 240
437000 160
438000 97
438000 97
441500 89
442500 104
443500 89
443500 96
444000 97
444000 97
444000 290
445000 132
96000 67
449000 144
450000 300
450000 102
458000 98
458500 96
460500 89
465000 200
467100 275
468000 165
468000 162
470000 191
470000 195
470000 195
117000 36
470000 119
470500 96
475500 96
477940 295
480000 215
485000 200
492000 210
495000 204
495000 204
495000 204
495000 230
99900 71
499000 250
500000 92
520000 250
529000 250
530000 111
530000 198
530000 198
550000 208
550000 208
550000 208
568000 274
570000 124
240000 64
570000 124
572000 420
575000 165
575000 230
577500 312
586845 315
595000 350
599000 123
602000 285
609000 285
615000 138
618000 180
619500 180
240000 64
619500 180
624000 274
625000 361
640000 134
640000 125
649500 245
651500 129
651500 129
655000 287
671500 129
671500 129
690000 255
690000 261
240000 64
698000 175
701500 129
714000 257
730000 200
735000 650
748800 141
760500 130
770000 265
780000 740
850000 374
950000 260
960000 360
240000 64
