1818 annonces au total
Prix moyen au m²: 2786€
Prix Surface
165000 78
25000 8
30000 91
30000 28
30000 28
30000 33
35000 26
35000 25
39000 18
39000 19
39000 19
42000 19
43900 12
44000 18
445000 138
44000 8
45000 79
45000 62
45000 34
47000 67
48000 28
48000 18
50000 18
52000 23
52000 17
52000 56
53000 78
55000 25
87000 56
55000 19
55000 31
55000 68
55000 18
55000 25
57000 9
58000 15
58000 27
59000 61
59000 11
59000 31
59000 17
59000 65
460000 132
60000 65
60000 20
60000 14
60000 53
62000 20
62000 18
62000 19
62000 19
62000 22
62000 24
63000 19
64000 19
64000 18
259000 125
64000 13
65000 50
65000 38
65000 33
65000 55
65000 26
65000 84
65000 24
65000 53
65000 38
65000 38
65000 18
65000 18
118000 15
65000 19
65000 16
65000 45
66000 31
66000 18
66000 20
66000 18
66000 18
67000 30
67000 30
69000 75
69000 61
69000 84
218000 118
69000 62
69000 83
69000 28
69000 96
69000 80
69000 67
70000 68
70000 97
70000 36
70000 21
70000 24
70000 19
70000 52
165000 55
70000 36
70000 37
72000 55
72500 18
73000 45
74000 42
74000 31
75000 32
75000 57
75000 22
75000 44
75000 28
75000 58
310000 96
75000 19
75000 24
75000 61
75000 19
75000 34
75000 105
75000 17
75000 246
75000 45
75000 75
75000 26
75000 108
75000 35
108000 66
75000 246
75000 62
76000 31
76000 34
76000 53
77000 62
77000 32
77884 20
78000 60
78000 33
78000 50
78000 62
78000 16
72500 18
79000 72
79000 24
79000 37
79000 32
79000 69
79000 44
79000 46
79000 22
79000 55
79000 55
79000 31
80000 32
80000 35
325000 88
80000 32
80000 32
80000 36
80000 28
80000 31
80000 54
80000 49
80000 48
80000 54
80000 159
80000 22
80000 48
80000 18
285000 129
80000 22
80000 48
80000 35
80900 17
81000 77
81000 38
82000 43
82000 21
82000 36
82000 32
82500 98
83000 41
83000 46
380000 152
83000 34
84000 19
84000 65
84000 41
85000 59
85000 22
85000 30
85000 53
85000 23
85000 44
85000 32
85000 58
85000 25
99000 59
85000 61
85000 36
85000 53
85000 20
85000 33
85000 24
85000 55
85000 40
85000 85
85000 51
85000 30
85000 103
85000 32
75000 12
85000 51
85000 41
85000 42
85000 36
86000 24
86000 25
86000 26
86000 38
86000 61
87000 55
87000 55
87000 38
87000 56
99000 53
87000 56
87500 33
87561 18
88000 32
88000 44
89000 55
89000 55
89000 35
89000 67
89000 37
89000 25
89000 66
89000 55
190000 142
89000 37
89000 44
89000 55
89000 25
89000 35
89000 62
89000 55
89000 35
89000 84
89000 33
89000 56
90000 46
90000 32
150000 53
90000 40
90000 32
90000 48
90000 42
90000 63
90000 40
91000 32
91000 49
92000 24
92000 27
92000 27
92000 46
92000 38
108000 66
93000 63
93000 44
93000 53
93600 36
95000 37
95000 64
95000 65
95000 54
95000 25
95000 50
95000 62
95000 38
95000 57
115000 72
95000 44
95000 73
95000 61
95000 72
95000 67
95000 43
95000 45
96000 44
96000 50
96500 45
97000 49
97000 34
97000 55
325000 88
97000 55
97000 42
97000 54
97000 72
97500 67
98000 66
98000 34
98000 52
98000 54
98000 51
98000 63
98000 51
98000 53
87000 56
98500 21
98700 46
99000 36
99000 38
99000 49
99000 63
99000 45
99000 51
99000 56
99000 53
99000 58
99000 55
99000 59
165000 55
99000 62
99000 45
99000 70
99000 64
99000 53
99000 45
99000 56
99000 51
99000 53
99000 55
99500 44
100000 70
100000 66
445000 138
100000 55
100000 42
100000 64
100000 55
100000 47
100000 39
100000 50
100000 71
101000 42
101000 56
101899 20
102000 60
103000 30
89000 44
104000 31
104000 39
104000 37
105000 27
105000 39
105000 33
105000 65
105000 57
105000 42
105000 50
105000 41
105000 63
105000 66
118000 15
105000 66
105000 26
105000 39
105000 44
105000 26
105000 44
105000 49
105000 72
105000 32
105500 30
105500 43
106000 25
106000 122
460000 132
106000 62
106000 67
107000 24
107000 32
107000 39
107500 55
107500 49
108000 54
108000 66
108000 48
108000 55
108000 54
108000 67
108000 66
108000 45
109000 53
109000 26
109000 61
109000 45
109000 45
109000 98
109000 42
109000 53
109000 66
109000 57
109000 22
109000 58
50000 18
109500 24
109500 24
109500 24
109500 24
109500 24
110000 86
110000 62
110000 90
110000 43
110000 73
110000 45
110000 67
177000 74
110000 67
110000 70
110000 62
110000 68
110000 46
110000 69
110000 67
110000 55
110000 29
110000 43
110000 46
110000 50
110000 54
75000 24
110000 54
110000 45
110000 82
112000 68
112000 54
112000 65
112000 44
112000 62
112000 36
113000 34
113000 48
113400 46
113500 43
180000 110
113500 43
114000 62
114000 62
114000 21
114000 56
114000 32
114000 22
115000 41
115000 63
115000 105
115000 56
115000 72
115000 64
99000 53
115000 68
115000 72
115000 66
115000 31
115000 58
115000 38
115000 55
115000 52
116000 50
116000 66
117000 53
117000 26
117000 28
259000 125
117000 28
117700 33
118000 98
118000 15
118000 53
118000 105
118000 50
118000 69
118000 65
119000 34
119000 63
119000 50
119000 26
187000 64
119000 47
119000 66
119000 34
119000 56
119000 87
119000 64
119000 26
119000 30
119000 42
119000 63
119000 71
119500 25
120000 79
445000 138
120000 101
120000 38
120000 82
120000 63
120000 78
120000 101
120000 37
120000 69
120000 82
120000 38
120000 52
120000 27
121000 29
75000 57
121000 29
121000 67
122000 65
122000 66
122000 65
122000 69
122000 69
123000 67
123000 78
123000 67
123000 47
123000 71
123000 65
820000 206
123000 65
123000 70
123000 45
123000 68
124000 75
124000 74
124000 72
124000 72
125000 55
125000 76
125000 72
125000 66
125000 34
75000 12
125000 59
125000 63
125000 49
125000 52
125000 71
125000 68
125000 34
125000 72
125000 67
125000 66
125000 57
125000 70
125000 41
249000 94
125000 49
125000 55
125000 59
125000 68
125000 55
125000 28
125320 66
126000 59
126000 71
126000 55
126000 62
126000 60
126000 58
99000 59
127000 93
127000 50
127000 53
127000 66
127000 65
127000 59
127000 57
128000 69
128000 42
128000 51
128000 58
128200 66
129000 65
249000 94
129000 65
129000 44
129000 70
129000 42
129000 60
129000 69
129000 86
129000 65
129000 71
129000 67
129000 66
129000 62
129000 65
89000 44
129000 65
129500 66
129500 65
129500 65
129900 71
129900 46
129900 70
130000 55
130000 65
130000 66
130000 84
130000 70
130000 67
108000 66
130000 81
130000 56
130000 67
130000 70
130000 84
130000 38
130000 57
130000 67
130000 55
131000 50
131500 60
131500 59
50000 18
132000 68
132000 66
132000 67
132000 66
132000 56
132000 53
132000 47
132000 47
132000 66
133000 54
134000 61
134000 64
134000 58
120000 82
135000 61
135000 40
135000 56
135000 66
135000 67
135000 57
135000 64
135000 65
135000 43
135000 70
135000 67
135000 45
135000 54
50000 18
135000 64
135000 55
135000 38
135000 70
135000 45
135000 53
135000 72
135000 59
135000 72
135000 64
135000 57
135000 64
135000 66
75000 24
135000 47
135000 54
136000 48
136000 57
136000 65
136000 38
136000 65
137000 52
137000 72
137000 60
137000 52
138000 37
138000 61
145000 65
138000 61
139000 65
139000 64
139000 64
139000 71
139000 61
139000 67
139000 66
139000 59
139000 32
139000 68
139000 69
139000 86
150000 53
139000 50
139000 64
139000 67
139000 61
139000 83
139000 64
139000 58
139000 59
139000 67
140000 83
140000 58
140000 64
140000 79
598000 249
140000 53
140000 116
140000 60
140000 53
140000 71
140000 54
140000 109
140000 70
140000 57
140000 47
140000 66
140000 62
140000 67
108000 66
141000 96
142000 70
143000 48
143000 72
144000 68
144000 63
144000 68
145000 65
145000 48
145000 83
145000 70
145000 68
145000 72
150000 53
145000 101
145000 65
145000 83
145000 70
145000 72
145000 65
145000 68
145000 42
145000 88
145000 56
146000 66
146000 69
146500 30
99000 59
147000 86
147000 57
147000 63
148000 65
148000 62
148000 75
148000 80
148000 76
149000 50
149000 80
149000 63
149000 77
149000 72
145000 65
149000 44
149000 96
149000 80
149000 83
149000 80
149000 77
149000 65
149000 72
149000 86
149000 72
149000 65
149000 65
149000 65
445000 138
149000 65
149000 54
149000 77
149000 80
149000 59
149500 73
149500 60
149500 80
149602 74
149800 72
150000 53
150000 63
150000 67
150000 53
150000 72
150000 51
152000 74
152000 82
152000 65
152250 85
153000 59
153000 38
153000 77
153000 79
153000 65
154000 64
154000 116
218000 118
154000 116
154000 85
154000 67
154000 80
155000 100
155000 81
155000 58
155000 79
155000 66
155000 75
155000 74
155000 51
155000 61
75000 57
155000 34
155000 85
155000 74
155000 79
155000 58
155000 91
155000 66
155000 75
155000 35
155000 74
156000 85
156000 35
156000 35
75000 24
157000 73
157000 79
157000 110
157500 68
157500 98
157500 99
157500 68
158000 83
158000 45
158000 45
158000 45
158000 79
158000 64
87000 56
158250 45
159000 53
159000 44
159000 64
159000 68
159000 68
159000 78
159000 54
159000 82
159000 47
159000 83
159000 83
159500 46
99000 53
159500 46
160000 85
160000 71
160000 78
160000 77
160000 44
160000 71
160000 81
160000 64
160000 44
160000 75
161000 82
161500 65
150000 53
162000 45
162000 65
162000 39
162000 68
163000 80
163000 43
163000 70
163000 80
164000 83
164000 96
164000 44
164000 69
190000 142
164000 44
164500 65
165000 44
165000 81
165000 81
165000 76
165000 108
165000 79
165000 64
165000 77
165000 63
165000 63
85000 53
165000 77
165000 63
165000 63
165000 67
165000 79
165000 108
165000 78
166000 90
166000 78
166000 45
166000 68
166000 80
167000 77
598000 249
167000 77
167800 91
168000 81
168000 66
168000 83
168000 84
168000 84
168000 70
168000 73
168777 43
169000 90
169000 64
169000 79
108000 66
169000 85
169000 45
169000 64
169000 92
169000 68
169500 67
169900 70
170000 82
170000 72
170000 96
170000 51
170000 82
170000 45
190000 142
170000 45
170000 72
170000 96
170000 63
170000 63
170000 74
171000 40
172000 90
172000 45
173000 64
173000 80
173000 78
173000 75
445000 138
173000 64
173000 65
173000 64
173250 84
174000 88
174954 60
175000 83
175000 76
175000 95
175000 109
175000 89
175000 91
175000 85
249000 94
175000 100
175000 75
175000 109
175000 80
175000 85
176000 44
176000 80
176000 80
176000 73
176000 81
176000 36
177000 47
177000 43
188000 67
177000 43
178000 48
178000 56
178000 85
179000 63
179000 63
179000 81
179000 64
179000 87
179000 52
179000 89
179500 66
179500 45
285000 129
180000 110
180000 104
180000 85
180000 150
180000 91
180000 58
180000 91
180000 79
180000 149
180000 40
180229 51
181000 45
182000 44
460000 132
182500 38
183000 78
183000 94
183000 84
183283 58
183750 89
184000 75
185000 45
185000 82
185000 77
185000 96
185000 90
185000 92
85000 53
185000 70
185000 88
185000 75
185000 78
186000 72
186500 67
187000 64
187000 66
187000 82
187000 75
188000 43
188000 69
188000 67
820000 206
188000 67
188000 44
188000 67
188000 64
189000 80
189000 75
189000 72
189000 52
189000 70
189000 79
189000 80
189000 83
189000 43
150000 53
189500 76
190000 89
190000 72
190000 76
190000 50
190000 142
190000 82
190000 71
190000 40
190000 41
190000 68
192500 115
193000 70
145000 65
193000 70
195000 49
195000 121
195000 76
195000 56
195000 85
198000 79
198000 91
198000 85
198000 74
198000 78
198000 74
820000 206
198000 74
198500 96
199000 74
199000 86
199000 118
199000 118
199000 70
199000 71
199000 73
199000 107
199500 85
199500 52
200000 108
75000 57
200000 113
200000 69
203500 89
204500 74
204500 73
205000 88
205000 50
205000 67
205000 71
205000 70
205000 69
205000 43
205000 74
75000 24
205000 43
206000 61
206000 61
207000 93
207000 80
208000 87
208000 110
208750 77
209000 106
209500 62
209500 62
210000 81
210000 63
75000 12
210000 107
210000 84
210000 102
210000 75
210000 63
210000 82
210000 75
210000 85
210000 53
210000 61
210000 43
210000 85
128200 66
212000 71
214000 61
214500 86
214500 85
215000 89
215000 102
215000 62
215000 70
215000 93
215000 95
215000 84
216000 81
216000 73
187000 64
217000 55
218000 118
218000 118
218000 71
218000 118
218000 62
218000 64
218400 107
219000 95
219000 80
219000 110
219000 111
219000 58
187000 64
219000 111
219000 113
219000 80
219000 69
220000 51
220000 96
220000 87
220000 99
220000 59
220000 93
220500 65
221550 43
222000 88
89000 44
222500 63
223000 100
223777 64
224188 72
225000 77
225000 74
225000 72
225000 71
225000 76
225000 62
225000 78
225000 114
225000 60
128200 66
225000 91
225000 114
225000 62
225000 60
225000 62
226000 81
227000 62
227000 61
227500 65
229000 86
229000 92
229000 69
229000 87
325000 88
229000 92
229000 62
229500 64
230000 69
230000 83
230000 47
230000 47
230000 89
230000 100
230000 91
230000 91
230000 109
230000 118
460000 132
230000 47
230000 63
232000 94
233000 63
233000 63
234000 122
235000 96
235000 77
235000 80
235000 57
235000 83
235000 46
235000 115
75000 12
235000 51
235000 89
235000 57
235000 50
235000 77
235000 64
235000 102
236000 51
237000 67
238000 90
239000 74
239500 63
239500 63
180000 110
239500 64
240000 116
240000 67
240000 51
240000 58
241000 55
241000 56
242000 62
242585 45
243529 76
244000 65
245000 77
118000 15
245000 77
245000 71
245000 66
245000 83
245000 62
245000 61
245000 64
245000 90
245000 83
246000 90
247000 110
247000 110
247000 65
325000 88
247000 110
247500 58
248000 71
248000 50
248000 59
248000 50
248000 71
249000 59
249000 94
249000 61
249000 58
249000 98
249000 92
72500 18
249000 59
249000 62
249500 64
250000 78
250000 90
250000 70
250000 98
250000 108
250000 75
250000 78
250000 83
250000 64
177000 74
250000 82
250000 69
250000 78
250000 117
250000 77
251000 67
251000 67
251000 62
251000 91
253000 96
253850 79
254500 63
254500 64
180000 110
255000 56
255000 105
255000 90
255000 55
255000 60
255000 79
255000 68
257000 60
257000 60
257000 60
257000 61
258000 147
380000 152
258000 80
258000 147
258000 121
258123 92
259000 84
259000 125
259000 86
259000 64
259000 91
259000 91
259000 89
260000 118
260000 88
75000 24
260000 111
260000 84
260000 56
260000 51
260000 50
260000 78
260000 88
260000 88
260000 50
260000 50
261000 59
261000 68
262247 50
325000 88
262247 50
262500 74
263000 59
264500 61
265000 74
265000 91
265000 98
265000 77
265000 97
265000 98
265000 77
266000 59
267000 63
188000 67
269000 101
270000 82
270000 92
270000 90
270000 82
270000 79
270783 92
272000 78
272000 66
272000 103
272000 83
272887 100
273000 106
149000 65
274000 65
275000 98
275000 71
275000 83
275000 100
276000 65
277000 66
277000 66
277000 68
278000 59
278000 70
278000 66
278000 59
115000 72
279000 155
279000 86
279000 82
280000 117
280000 58
280000 58
280000 103
280000 59
281000 68
281000 66
284000 82
284500 62
380000 152
284500 62
285000 116
285000 97
285000 129
285000 87
286000 72
286600 100
287000 92
287000 78
287000 77
288000 78
288000 80
290000 86
99000 59
290000 55
290000 55
291000 78
291000 87
291200 92
292000 130
292000 114
292000 86
293000 71
293000 72
294000 100
294000 100
294500 62
189000 70
295000 99
295000 81
297000 95
298000 140
298000 84
299000 170
299000 62
301190 95
304000 73
305000 77
305000 100
307000 71
308000 94
115000 72
310000 96
310000 140
310000 157
312000 87
313000 91
315000 86
315000 119
315000 95
318000 100
319000 90
319000 73
319000 73
319000 90
128200 66
320000 92
320000 122
320000 106
320000 108
321000 85
321000 86
323000 77
325000 88
325000 75
329000 77
329000 100
50000 18
329000 83
329000 100
330000 124
330000 109
330000 102
330000 102
330000 117
330000 120
330000 101
330000 73
331000 74
335000 117
335000 117
75000 24
335000 117
335000 75
335000 75
338500 91
340000 120
340000 117
340000 150
342000 101
342000 180
345000 93
345000 90
345000 64
346000 74
380000 152
346000 74
347000 75
348000 90
349000 96
349000 129
349500 71
350000 91
350000 74
350000 108
350000 74
350000 118
350000 74
350000 96
460000 132
350000 87
352400 101
353291 69
353991 69
355000 128
355000 128
355000 91
355000 83
355000 83
355000 87
357000 91
357000 92
361000 73
189000 70
361000 83
361000 83
362000 92
364000 115
365000 116
365000 96
365000 118
366000 84
366000 84
369000 100
369000 126
369000 126
89000 44
369000 130
369000 126
369000 158
369000 90
369000 101
369000 90
369000 101
369500 84
369500 84
370000 161
370000 176
370000 90
115000 72
371000 84
371000 83
371000 83
371000 50
371000 74
371000 74
371000 73
374000 108
376200 88
379000 94
379900 162
380000 112
380000 247
145000 65
380000 247
381000 78
385000 131
385000 126
387000 134
389000 101
389000 101
389000 101
389000 115
390000 170
390000 140
390000 148
390000 92
149000 65
390000 140
395000 138
397600 97
398000 90
398000 161
399000 126
399000 125
399000 90
399500 77
399500 76
399500 103
400000 95
400000 95
145000 65
400000 97
401000 88
401000 88
401000 88
402500 103
402500 106
402500 103
402500 103
405000 89
405000 89
409500 93
409500 81
409500 80
72500 18
410000 117
415000 154
416000 94
416000 81
416000 130
416000 150
417000 89
420000 133
420000 135
420000 100
420000 107
422000 135
422000 136
118000 15
424000 248
425000 110
425000 113
425000 149
425000 97
425000 97
427000 97
427400 97
429000 128
429000 126
429000 164
429000 128
430000 103
310000 96
430000 117
430000 95
430000 95
430000 95
430000 130
430000 95
434000 154
435000 163
435000 183
435000 133
440000 87
440000 123
440000 111
165000 55
444436 91
444436 91
445000 136
445000 94
445000 122
445000 120
445000 122
445000 138
445000 105
445000 116
445000 107
445000 122
445000 136
325000 88
445000 120
445000 123
450000 147
450000 113
450000 208
450000 167
450000 113
450000 110
450000 172
450000 161
450000 110
450000 167
450000 172
325000 88
450000 161
452342 95
459000 112
460000 132
461000 94
461000 95
463000 200
464000 123
465000 110
465000 102
465000 101
465000 111
465000 120
249000 94
468000 156
469000 96
469000 150
469000 96
470000 139
475000 171
477500 105
477500 105
478963 102
478963 102
479000 127
479500 104
479663 102
87000 56
480000 115
480000 188
480000 163
488000 110
489000 172
489000 177
493500 105
493500 105
494500 111
494500 113
495000 197
495000 197
495000 197
380000 152
498000 250
499000 103
499000 131
500000 120
503000 115
529000 130
529000 140
529000 130
540000 190
550000 182
560000 144
560000 200
108000 66
560000 201
565000 302
565000 235
575000 172
580000 180
585000 142
589000 196
589000 196
589000 196
589000 196
595000 140
595000 194
598000 158
75000 57
598000 249
615000 109
615000 107
615000 107
615000 108
615000 109
630000 165
630000 213
640000 263
640000 109
640000 108
640000 263
640000 109
177000 74
640000 109
650000 138
650000 156
650000 138
655000 200
680000 165
680000 118
685000 148
685000 148
685000 148
690000 227
690000 227
730000 187
85000 53
730000 182
749000 204
749000 204
750000 245
755000 138
755000 149
755000 139
755000 139
760000 202
765000 165
780000 138
780000 138
780000 140
187000 64
780000 138
820000 206
835000 190
840000 800
875000 252
890000 246
890000 246
890000 246
976000 177
1000000 465
1100000 385
75000 12
