1182 annonces au total
Prix moyen au m²: 3185€
Prix Surface
196200 85
53000 18
54500 31
55000 19
55000 14
57000 14
58000 14
58600 18
59000 37
59000 14
59950 19
62000 12
97500 36
65000 18
65000 18
66000 18
66500 26
68676 19
69000 55
69000 19
69500 36
69500 20
69500 20
73000 29
75000 21
165000 55
75000 15
76000 15
76000 50
76000 18
77000 35
77500 34
79000 21
79900 19
79900 19
80000 29
81000 25
81000 71
81750 18
249000 60
81750 16
82000 24
83000 50
84000 21
84000 22
85000 24
85000 18
85000 57
85000 27
85000 31
86000 25
87000 15
87000 22
212000 74
87000 20
87500 18
88000 29
88000 18
89000 45
89000 18
89000 32
89500 1
91500 30
92000 16
92000 28
92000 19
92000 27
175000 74
92000 21
92500 18
93000 35
93000 16
93000 37
95000 21
95000 45
96000 28
97000 18
97000 20
97500 36
98000 40
99500 38
98500 20
99000 41
99000 19
99000 52
99000 22
99500 30
99510 50
100000 69
102000 50
102300 53
102500 34
103000 24
105000 44
105000 44
105000 65
105500 27
106000 24
106500 26
107000 23
107000 70
107000 14
108000 31
109000 23
109000 29
109000 27
109000 38
287000 70
109900 59
110000 53
110000 50
110000 34
110000 50
110250 44
112000 20
112000 33
112000 16
112200 45
112500 48
113000 45
113000 28
180000 115
113000 27
113500 44
113500 54
113500 26
115000 45
115000 58
115000 29
115000 55
116500 46
116500 37
117000 19
117300 47
117500 27
118000 45
118000 33
118000 33
118000 36
118500 38
118500 45
118500 62
118500 32
118500 26
118500 26
119000 25
119000 60
99500 38
119000 41
119000 19
119000 25
119000 30
119500 28
119500 42
120000 60
120000 38
120000 60
120000 45
120600 56
120635 46
120960 38
120960 38
121000 33
122000 45
122000 23
122000 36
123500 63
124000 70
124000 26
124200 23
125000 59
125000 60
125000 49
125000 37
120000 38
125000 29
125000 31
125000 30
125900 49
126500 49
127000 25
127000 15
127500 49
127500 58
128000 33
128000 63
128000 35
128000 28
165000 55
128000 28
128400 49
128400 44
128500 30
129000 65
129000 32
129000 40
129000 33
129000 29
130000 50
130000 32
130000 21
130000 44
129000 29
130000 54
130300 56
131500 31
132000 41
132000 24
132500 26
133125 56
133500 63
133750 50
134000 27
134000 27
135000 41
229000 105
135000 51
135000 51
135500 39
135920 38
136000 57
136920 48
137000 29
137000 33
137000 44
137151 38
137900 65
138000 45
249000 60
138000 45
138381 38
138450 60
138500 21
138500 35
138800 38
139000 34
139000 47
139100 54
139500 40
139500 55
139500 43
140000 60
130000 32
140000 44
140000 60
140000 38
140500 26
140755 38
140940 49
141500 44
142000 28
142000 28
142000 33
142249 47
142260 49
142900 58
225000 52
142900 58
142900 58
142900 58
143000 41
143000 40
143100 46
143500 43
144000 38
144000 53
144450 30
144500 55
144750 44
145000 39
166000 38
145000 49
145000 44
145000 94
145500 44
146000 47
146000 42
147000 43
147000 34
148000 65
148000 37
148000 26
148000 37
129000 33
148400 38
149000 43
149000 42
149000 49
149000 44
149100 53
149100 68
149100 53
149500 51
149500 58
149500 51
150000 35
150000 36
148000 37
151000 47
151700 93
152000 43
152000 44
152000 43
152250 48
152500 67
153000 49
153100 90
153350 38
153800 54
154350 51
154350 50
225000 52
154350 50
155000 38
155000 55
155000 49
156000 44
156000 47
156000 46
156001 38
156500 48
157000 40
157000 40
157350 130
180000 115
159000 156
159000 34
159000 125
159000 35
159000 36
159500 36
159500 38
159750 24
159940 30
160000 43
160000 80
160000 57
129000 33
160950 52
161152 47
162000 70
162600 83
163000 65
163000 43
163650 37
163965 47
163965 47
164000 62
164300 34
164500 65
165000 93
229000 105
165000 49
165000 58
165000 46
165000 93
165000 65
165000 55
165372 47
165750 50
166000 38
166400 77
166400 52
166866 47
167000 54
177500 65
167000 50
167400 55
167500 38
168000 60
168000 40
168000 47
168000 49
168000 61
168250 61
169000 50
169000 47
169000 52
169000 54
79900 19
169000 47
169260 66
169500 78
169600 56
169900 60
170000 34
170000 33
170000 54
170000 48
170000 48
170000 54
170000 48
170500 38
229000 105
170500 38
171354 79
172000 90
172000 95
172000 48
172500 39
173000 74
174000 40
174000 92
174000 69
174500 140
174500 75
174800 75
285000 89
174900 64
174900 88
175000 65
175000 51
175000 80
175000 73
175000 74
175000 50
175000 38
175000 48
176000 59
176000 46
229000 105
176000 46
176000 46
177000 35
177000 35
177000 110
177000 66
177500 65
177500 79
177500 50
177900 90
178000 100
178080 85
179000 56
260000 74
179000 50
179000 56
179000 69
179000 60
179000 40
179000 96
179016 68
179160 68
179500 41
179800 38
179985 86
179990 67
180000 38
81000 25
180000 48
180000 45
180000 115
180000 128
180000 74
180000 47
180192 69
180360 68
181000 62
181771 50
182000 66
182000 90
182000 66
375000 105
182000 66
182000 80
182900 81
183000 51
183500 88
184000 59
184000 59
184000 75
184000 80
184600 65
184800 100
185000 50
185000 48
287000 70
185000 48
185000 39
185000 85
185000 71
185000 50
185110 48
185500 69
186000 59
186000 70
186000 36
186840 79
187000 79
187000 62
225000 52
187350 90
188000 56
188680 75
189000 98
189000 54
189000 55
189500 95
189500 86
189500 54
190000 62
190000 56
190000 61
127500 49
190800 61
190800 68
191000 48
191000 48
191500 91
191900 56
192000 48
192500 68
193000 61
193800 85
194000 56
194000 107
194250 65
175000 74
194250 65
195000 69
195000 91
195000 64
195000 85
195000 52
195000 48
196200 85
196856 74
196856 74
197000 53
197000 50
198000 35
367500 105
198000 35
198000 50
198500 83
199000 51
199000 47
199000 51
199000 68
199000 56
199000 58
199000 75
199000 51
199000 85
199000 95
175000 74
199500 73
199700 52
199800 60
200000 100
200000 50
200000 47
201000 51
201600 42
202000 62
202561 68
202561 68
203600 76
204000 45
129000 29
204750 40
204750 39
205000 64
205000 54
206000 66
206000 47
206000 39
206000 45
206500 49
206576 78
207000 48
208187 68
208500 85
81000 25
209000 45
209000 45
209000 48
210000 130
210000 110
210000 62
210000 68
210000 62
210121 68
211000 47
211000 50
211968 68
212000 62
212000 74
212000 34
212000 57
212000 56
212000 43
212500 49
213000 67
213000 90
213000 45
213800 47
213902 68
214000 48
214280 81
166000 38
215000 63
215000 52
215048 81
215250 91
217000 115
217000 89
218000 72
218500 91
219000 55
219000 64
166000 38
219000 64
219000 64
219000 62
219000 62
219500 65
219608 83
219792 71
219792 73
219792 70
220000 83
220000 73
220000 90
220000 63
260000 74
220000 63
220500 65
221000 54
221000 63
222000 51
222000 87
222000 62
222000 65
222600 150
223308 71
224000 51
224000 73
224000 62
99500 38
224500 55
225000 71
225000 65
225000 65
225000 52
225000 64
225000 86
225700 45
225750 45
225750 45
225750 44
225750 44
226000 110
269000 70
226000 110
226000 64
226000 63
226500 82
226500 82
227000 88
227000 64
227000 96
227000 67
227000 67
228000 65
228000 66
228000 65
130000 32
229000 82
229000 89
229023 80
229900 98
230000 70
230000 90
230000 106
230000 88
230000 43
230000 59
230000 66
230000 74
159000 125
230000 66
230781 80
231000 66
231000 65
231000 68
232000 41
232000 66
232000 106
232000 58
232000 66
232500 78
232810 95
232900 120
260000 74
232900 120
233000 63
233000 64
233000 65
233532 89
234000 64
234298 87
234900 69
235000 70
235000 63
235000 67
235000 67
235177 87
120000 38
236000 64
236000 63
237000 89
237300 125
238000 83
238000 62
238000 90
238000 67
238500 79
239000 70
239000 69
239000 84
239000 70
229000 105
239000 72
239000 74
240000 78
240000 70
240000 68
240000 68
240000 68
240000 65
240000 66
240630 98
241000 70
241000 69
241000 69
77500 34
241331 86
241331 81
241500 63
242000 70
242000 70
242000 69
243000 56
243000 69
243000 68
243500 60
243500 70
243800 120
244000 109
367500 105
244000 109
244000 62
244000 80
245000 73
245000 47
245000 69
246000 80
246000 67
246778 86
247000 61
247000 69
247000 63
247000 67
175000 74
248000 84
248000 67
249000 113
249000 65
249000 60
249000 70
249000 104
249000 116
250000 78
250000 88
251000 67
252000 97
252000 82
232000 41
252000 115
252000 75
252000 88
252296 97
253000 60
253000 90
253000 71
253000 71
253900 74
254000 110
254000 71
254000 50
254100 114
57000 14
255000 73
255000 90
255500 72
256000 70
257000 116
259000 57
259000 90
259300 135
260000 85
260000 54
260000 110
260000 74
260000 76
166000 38
260000 88
260000 130
260000 74
261000 92
262000 77
262000 77
262500 49
262500 115
262500 63
264000 78
265000 52
265000 82
265000 45
166000 38
265000 44
265000 84
265000 85
265000 85
265000 80
266000 80
267000 88
267000 85
267750 89
267750 86
267900 79
268000 110
269000 70
367500 105
269000 70
269000 71
269000 100
269000 101
269000 70
269000 78
269000 88
270000 90
270000 83
270000 90
271000 78
271000 101
271000 77
260000 74
273000 54
273000 83
273000 85
273000 118
274000 85
274000 63
274700 75
275000 108
275000 81
275000 102
275000 82
275000 180
275000 101
200000 100
275000 90
275000 110
275000 83
276000 88
276125 56
276125 56
276500 86
278000 87
278000 76
278000 75
278250 120
279000 86
279000 50
180000 115
279000 79
279000 79
279000 77
280000 65
280000 89
280000 130
281000 78
282000 90
283000 80
283500 70
285000 76
285000 92
285000 100
375000 105
285000 92
285000 100
285000 81
285200 86
286000 86
287000 70
287000 58
287900 86
288000 93
288000 92
288000 87
290000 97
290000 66
130000 32
290000 54
290375 83
291000 87
292000 85
293000 80
294000 130
294000 88
295000 89
296000 77
297000 130
297000 88
297000 89
129000 33
298000 88
298000 110
298000 110
298000 88
299000 78
299000 57
299000 77
299000 60
299000 235
299000 112
299000 63
299000 60
299250 75
249000 60
299900 85
300000 103
300000 91
306000 90
306000 89
307000 81
307000 97
309000 73
309000 66
310000 82
310000 97
311000 170
312000 86
120000 38
312000 96
313000 106
313700 86
314000 120
314500 68
315000 75
315000 85
315000 83
315000 83
315000 151
315000 65
315000 65
316000 97
229000 105
318000 58
319000 75
319000 73
319000 98
320000 101
320000 129
320000 100
320000 100
322000 59
323000 98
325000 88
325000 146
325000 91
120000 38
328000 76
329918 51
330000 105
330700 95
331000 100
331000 102
334000 102
335000 123
335000 98
335300 93
336000 130
338100 70
338100 70
129000 33
339000 66
339000 104
339000 111
339000 104
339000 104
340000 74
340000 90
340000 90
340000 90
340000 90
340670 130
342000 69
344850 137
345000 89
346000 92
346500 123
346500 88
349000 77
349000 75
349000 98
349000 98
350000 85
350000 193
350075 145
356000 137
357000 110
99500 38
365000 102
365000 109
366000 87
367500 105
368000 87
369000 180
370000 65
370000 64
370000 120
375000 105
375000 105
376000 91
378000 180
212000 74
381000 83
385000 125
385000 80
386900 132
387000 82
388500 84
389000 160
389000 99
389000 157
390000 67
395850 82
395850 81
396000 95
57000 14
396000 97
399000 100
399000 100
399000 95
399000 100
399000 110
399000 100
399000 94
399000 100
399900 161
400000 88
409000 99
409000 99
165000 55
410000 92
415000 171
416000 260
418000 125
419000 106
420000 100
420000 92
420000 134
422000 90
425000 146
430000 248
430000 185
430500 108
77500 34
439000 180
440000 140
440000 142
445000 197
445000 107
447300 99
448000 127
448000 136
448000 85
448000 136
475000 128
475000 350
97500 36
478400 139
480000 108
480000 140
485000 175
489000 400
490915 97
493500 98
498000 160
498000 165
499000 158
499000 124
499000 124
57000 14
499000 164
505000 105
514000 330
519000 100
519000 437
522675 150
525000 87
542000 105
542000 106
549000 168
550000 110
550000 180
550000 168
120000 38
550000 110
555000 112
555000 161
565000 115
568000 218
569000 160
569000 169
570000 134
572000 115
579000 120
580000 110
589000 106
599000 220
129000 33
600000 190
625000 180
630000 160
630000 135
648600 100
650000 135
650000 135
665000 277
682500 250
718825 220
720000 224
735000 256
740000 240
260000 74
740000 250
740000 250
760000 183
760000 183
760000 190
760000 190
760000 190
780000 225
784000 240
790000 163
794000 220
795000 260
798000 180
287000 70
799000 320
799000 325
820000 270
829500 275
849000 245
865000 230
875000 453
875000 223
880000 473
890000 350
890000 284
899000 260
943500 305
73000 29
947000 430
989000 290
989000 290
990000 280
990000 240
995000 300
995000 300
995000 310
1050000 360
1190000 595
1290000 345
1450000 276
2250000 600
2250000 552
2490000 750
