1248 annonces au total
Prix moyen au m²: 2314€
Prix Surface
340000 108
35000 18
40000 27
45000 23
45000 17
45000 20
46000 62
48000 19
48000 18
50000 20
51000 36
51000 24
51000 36
52000 18
735000 195
52000 25
53000 18
53500 20
53900 20
54000 20
54000 35
54000 20
54500 24
54900 29
55000 30
55000 21
55000 16
55000 16
116000 72
55000 24
55000 16
55000 22
55000 44
55000 33
55000 16
55500 26
55500 23
56000 19
56000 44
56000 17
56500 25
57000 21
63000 75
57600 23
58000 23
59000 37
59000 57
59500 22
59650 61
59800 28
60000 17
60000 22
60000 74
60000 22
60500 19
61050 22
198000 140
61800 22
62000 38
62160 47
62160 46
63000 75
63000 24
64000 25
64000 40
64500 30
65000 23
65000 13
65000 27
65000 40
185000 77
65000 30
65000 30
66000 27
66000 49
66000 30
66400 33
66600 38
67000 28
67000 28
68000 24
68000 47
68000 25
69000 31
425000 240
69000 40
69000 85
69000 37
69500 62
69500 46
69700 42
69900 47
70000 46
70000 32
70000 57
70000 32
70000 36
72000 35
135000 62
73000 58
73000 31
74000 38
75000 65
75000 40
75000 55
75000 36
75000 39
75000 32
75000 31
75000 48
75000 45
76000 32
475000 140
76000 40
76000 36
77000 31
77000 59
77000 49
77900 42
78000 70
78000 36
78000 28
78000 44
78500 25
79000 38
79000 31
45000 20
79000 60
79000 36
79000 38
79000 21
79000 36
79500 37
79500 36
79600 48
79900 74
79900 68
80000 53
80000 40
80000 55
180000 76
80000 53
80000 52
80500 70
81000 49
81000 40
81050 28
81500 53
82000 45
82000 105
82000 46
82000 58
84000 60
85000 48
1250000 240
85000 37
85000 45
85000 47
85000 54
85000 38
85000 29
85000 47
85000 47
85000 32
85100 48
86000 59
86000 43
86400 35
163000 81
86400 50
86500 83
86500 44
86999 53
87000 48
87200 70
87500 72
87900 44
88000 49
88500 72
89000 77
89000 69
89000 38
119000 59
89000 37
89000 47
90000 68
90000 44
90000 55
90000 33
90000 40
90000 44
90000 58
90000 48
90000 38
91000 55
91000 55
119000 59
91000 55
92000 46
92000 60
92000 47
92000 87
93000 40
93500 47
94000 47
94000 67
94000 70
94000 67
95000 46
95000 72
425000 240
95000 55
95000 32
95000 48
95000 47
95000 72
95500 32
97000 42
97000 52
97000 51
98000 50
98000 38
98000 38
430000 169
98100 67
98100 46
98100 42
99000 75
99000 62
99000 25
99000 80
99000 55
99000 46
99000 48
99000 49
99000 78
99000 55
185000 77
99000 80
99000 48
99000 46
99000 49
99000 25
99500 45
99500 51
99500 47
99700 50
99900 60
99900 72
100000 43
100000 106
119000 59
100000 53
100000 68
100000 50
100000 50
100000 58
100000 96
100000 54
100000 106
101000 55
101000 55
101000 42
101500 51
101500 47
210000 104
101650 48
102000 46
102000 50
102000 51
102500 50
103000 45
103000 98
104000 69
105000 46
105000 29
105000 55
105000 70
105000 52
180000 76
105000 29
105000 48
105500 73
107000 76
107000 68
107000 62
107000 58
108000 75
108000 70
108000 46
108000 47
108000 70
108000 45
180000 76
108000 59
109000 70
109000 76
109000 65
109000 76
109000 39
109000 54
109500 109
109900 33
109900 33
109900 43
110000 54
110000 50
81000 49
110000 49
110000 46
110000 46
110000 71
110000 45
110000 95
112500 50
112500 29
113000 83
113000 41
113500 30
114000 85
114450 47
169000 58
114450 47
115000 64
115000 74
115000 67
115000 57
115000 48
115000 33
115000 71
115000 50
115000 75
115000 59
116000 72
116000 61
69000 85
116900 230
117000 49
117000 51
118000 59
118000 66
118000 38
118300 68
118800 55
118900 68
119000 51
119000 59
119000 47
119000 70
224000 175
119000 60
119000 70
119000 75
119000 60
119000 60
119000 75
119000 61
119000 35
119000 56
119500 51
119600 62
120000 71
120000 51
425000 240
120000 51
120000 58
120000 47
120000 65
120000 49
120000 68
120000 79
121000 70
123000 42
123000 76
123000 108
123000 42
123000 45
95000 47
124400 80
125000 76
125000 71
125000 71
125000 68
125000 77
125000 93
125000 70
125000 53
125000 92
126000 57
127000 48
127000 48
198000 140
127000 48
127000 72
128000 49
128000 77
128000 49
128000 85
128000 91
128400 90
128500 90
129000 37
129000 62
129000 34
129000 34
169000 58
129000 90
129000 27
130000 63
130000 70
130000 89
130000 45
130000 39
130000 79
130500 60
131000 50
131000 37
132000 75
132000 63
185000 77
132000 63
132500 50
133000 64
133000 57
134000 75
134000 50
134000 57
134000 99
134000 34
134000 50
134500 70
134900 57
245000 180
135000 93
135000 62
135000 67
135000 34
135000 69
135000 49
135000 62
135000 62
135000 60
135000 82
135000 82
135000 60
137000 70
210000 104
137000 71
137000 82
137000 40
137000 90
137000 114
139000 84
139000 70
139000 80
139000 69
139000 34
139000 80
139000 66
139000 65
135000 62
139800 74
139900 72
140000 79
140000 80
140000 75
140000 74
140000 68
140000 80
140400 60
140500 65
141000 65
141000 49
143000 38
95000 47
143000 38
144000 39
145000 93
145000 49
145000 38
145000 39
145000 61
146000 64
147000 150
147000 66
147000 94
147000 66
148000 65
169000 58
148000 65
148000 71
148000 64
148000 70
148084 65
148500 75
149000 64
149000 97
149000 75
149000 76
149000 94
149000 67
149500 70
116000 72
149800 73
149900 80
149900 165
150000 75
150000 78
150000 84
151000 75
151000 40
151000 41
151400 39
151500 40
151900 39
153000 40
116000 72
153000 56
153000 40
153000 59
153000 40
154000 80
154000 83
154000 135
154500 40
155000 74
155000 90
155000 90
155000 36
155000 44
735000 195
155000 74
155000 59
156400 44
156400 44
156500 200
156600 93
157000 84
158000 110
159000 72
159000 65
159000 122
159000 125
159000 73
169000 58
159000 72
159000 42
159500 104
160000 80
160000 95
160000 90
160000 120
160000 120
160000 90
161000 91
161000 130
162000 78
162000 78
279000 110
162000 78
162000 78
162000 70
162000 63
162000 70
162000 62
162000 44
162000 102
163000 81
163000 188
165000 110
165000 90
165000 98
198000 140
165000 60
165000 57
165000 87
166000 76
166900 49
166950 61
167000 69
167000 65
168000 81
168000 81
169000 54
169000 75
169000 87
163000 81
169000 91
169000 98
169000 76
169000 73
169000 58
169000 73
169400 35
170000 300
170000 47
170000 90
170000 62
172000 72
245000 180
172000 72
172000 72
172000 83
172400 58
174000 48
175000 90
175000 104
175000 73
175000 99
175750 96
176000 40
177000 109
178000 50
119000 59
178000 86
178000 50
178000 86
178200 50
179000 52
179000 101
179000 49
179000 50
179900 73
180000 66
180000 77
180000 76
180000 131
279000 110
180000 131
180100 82
181000 83
181000 80
181000 60
182000 124
182000 93
182000 50
182000 65
182160 52
182160 53
183000 119
183000 93
399000 240
184000 48
184000 77
184000 53
185000 110
185000 89
185000 70
185000 106
185000 112
185000 80
185000 52
185000 77
185265 53
185265 53
315000 110
185265 53
186000 51
187000 52
189000 104
189000 74
189000 65
189000 90
189000 116
189000 105
189000 90
189000 62
189720 120
190000 91
210000 104
190000 87
190000 123
190000 78
190000 76
190000 91
190000 87
190000 91
190000 91
190000 78
190000 135
190500 54
192500 60
193000 61
180000 76
194000 54
194200 61
194400 75
194500 58
194500 59
195000 115
195000 99
195000 97
195000 114
195000 110
195500 60
196000 59
196700 62
224000 175
196700 62
197000 59
197000 59
197000 59
197000 59
197000 59
197000 59
197000 59
197400 59
197500 57
197600 62
198000 140
198000 88
55000 20
198000 72
198100 62
198400 59
198500 60
198500 60
199000 102
199000 150
199000 70
199000 97
199000 70
199000 110
199000 98
199500 98
163000 81
199800 62
199900 63
199900 88
200000 96
200000 62
200100 62
200400 61
200500 60
201000 64
202400 67
203000 62
203200 62
204000 62
185000 77
204000 64
204000 64
204000 64
204900 57
204900 57
206000 62
206000 80
206000 62
206000 62
207000 95
208000 107
208000 62
208900 68
550000 220
208900 68
209000 64
209000 105
209000 65
209000 63
210000 104
210000 141
210000 113
210000 117
210100 66
210100 62
211000 64
211500 64
735000 195
211500 65
211500 65
212000 130
212400 64
212500 60
214000 95
214000 116
214400 64
214400 64
214700 65
214800 66
214900 67
215000 90
180000 76
215000 1
217000 87
217400 65
217400 65
217400 65
217400 65
217400 65
217400 65
218000 61
218000 65
218400 65
218400 65
218400 65
135000 62
219000 106
219000 61
219000 95
219000 106
219400 65
219400 65
219500 65
219500 62
220000 120
220000 80
221400 70
221500 63
221500 64
95000 47
222000 65
222000 101
222000 67
222400 70
222400 67
222400 67
222400 70
223500 67
223500 67
224000 175
224000 175
224000 175
224000 60
475000 140
224000 60
224000 65
224000 95
225000 61
225000 95
225000 115
225000 65
225000 125
225000 170
225000 64
225000 104
226000 65
198000 140
228000 126
228000 65
228000 108
228000 120
228000 76
229000 59
229000 120
229000 61
229000 290
229000 114
229900 93
230000 120
230000 107
95000 47
230000 94
231000 90
231000 109
232000 65
232000 66
232500 36
233500 62
233500 82
234000 67
234000 66
234000 66
234000 72
234000 66
210000 104
234000 66
234000 78
235000 140
235000 88
235400 109
236000 69
236500 82
238000 95
239000 66
239000 66
239500 82
239500 68
240000 125
279000 110
240000 125
240000 125
240000 98
241000 92
241500 86
243000 101
244000 69
244900 65
245000 180
245000 86
245000 88
245000 144
245000 63
225000 170
246100 99
247000 181
247000 97
248900 67
248900 76
249000 149
249000 78
249000 144
249000 79
249900 85
249900 76
249900 76
250000 117
279000 110
250000 117
250000 143
250000 76
250000 118
251500 79
252400 85
252400 85
253100 82
254000 137
254000 69
254000 79
254000 70
254000 69
430000 169
254000 69
254000 69
254000 69
254000 69
255000 81
255000 82
255000 74
255843 62
256000 94
256000 136
257900 70
257900 70
258000 186
315000 110
259000 117
259000 116
259200 81
259600 79
259900 89
260000 77
260000 103
260000 118
260000 75
260400 79
260400 89
261000 78
261000 118
198000 140
262000 116
262400 79
262400 89
263000 172
263000 172
263000 172
263000 136
264000 68
264900 85
264900 85
265000 77
265000 131
265000 172
169000 58
267177 64
267500 93
268000 110
269000 105
269000 67
269000 79
269000 78
269900 147
269900 83
269900 83
270000 142
270000 200
270000 102
95000 47
270000 142
270000 118
271000 110
271000 109
271000 109
271000 91
272900 89
274000 77
274000 77
274000 78
274000 78
274000 93
274000 77
185000 77
274900 89
275000 182
275000 120
275000 78
277000 80
279000 110
279000 70
279000 76
279000 77
279000 125
281000 85
282500 100
284000 93
315000 110
284000 93
284000 93
284000 93
285000 100
287000 98
288765 76
290000 128
294000 80
294000 80
294000 159
294000 93
294000 93
163000 81
294000 93
295000 103
296000 125
298000 125
299000 88
299000 140
299000 133
299000 93
299000 74
299000 147
299000 303
299000 82
299000 170
198000 140
299600 95
299800 72
299800 72
299900 150
300000 103
302000 88
304000 91
308000 120
308200 95
309000 138
309000 88
309000 85
309000 85
169000 58
310331 74
315000 120
315000 88
315000 136
315000 110
315000 140
315000 182
315000 105
315000 182
315000 300
315000 140
316000 88
319000 140
69000 85
319000 88
319100 95
319500 183
319500 161
320000 117
320000 123
320000 220
320000 130
320000 107
320000 128
321000 135
322000 170
324000 85
69000 85
325000 133
325000 142
325000 144
325000 116
325000 77
328000 136
329000 150
329000 119
330000 115
330000 97
335000 150
335000 161
340000 108
245000 180
340000 108
344000 230
345000 93
345000 160
348000 172
349000 92
349000 92
349000 150
349000 98
349000 98
359000 104
360000 120
225000 170
363000 180
364000 92
365000 550
365000 156
365000 170
368000 170
370000 230
374000 181
375000 240
375000 145
375000 160
375000 170
169000 58
380000 99
397706 90
399000 185
399000 230
399000 240
399000 178
399900 117
409000 94
409900 111
409900 120
409900 111
409900 120
409900 120
135000 62
409900 120
418000 215
420000 200
420000 249
425000 240
426877 89
429000 162
430000 100
430000 600
430000 169
433000 215
435000 152
435000 152
399000 240
440000 246
445000 164
449000 192
450000 191
450000 172
450000 191
455000 210
455000 210
465000 263
465000 181
465000 181
470000 196
470840 107
116000 72
475000 230
475000 140
490000 265
490000 211
490000 211
490000 260
495000 230
495000 107
495000 215
499000 240
499000 380
500000 215
515000 123
475000 140
520000 250
520000 168
520000 240
520000 330
530000 123
530000 123
535000 172
540000 171
542000 155
545000 228
550000 220
555000 313
559000 152
55000 20
560000 189
565000 215
583000 240
590000 200
590000 401
595000 300
595000 230
595000 154
595000 230
595000 180
595000 500
595000 125
597000 260
315000 110
597000 260
597000 260
620000 184
630000 290
650000 397
650000 170
650000 300
650000 500
650000 293
650000 175
650000 292
665000 334
135000 62
665000 334
665000 334
670000 292
675000 300
699000 310
715000 146
725000 350
730000 260
735000 195
749000 315
750000 320
760000 350
766000 350
425000 240
790000 260
790000 260
795000 401
795000 230
820000 370
835000 400
835000 400
849000 356
849000 400
870000 500
930000 500
930000 500
940000 294
69000 85
980000 300
980000 330
1200000 400
1250000 240
1980000 900
1980000 700
1980000 900
2500000 800
169000 58
