1280 annonces au total
Prix moyen au m²: 3969€
Prix Surface
134750 89
30000 30
32500 30
40600 30
40650 30
41500 30
51700 18
55000 19
55500 37
59500 24
60500 16
60500 20
63750 20
64900 43
55500 37
69500 40
70000 37
72000 21
72471 19
73000 39
75000 21
76000 34
76000 34
79200 38
80750 23
81975 23
82902 39
85000 15
55500 37
85000 18
85426 41
85800 26
86000 42
86110 20
86400 52
87480 20
88000 42
88000 40
89990 23
90000 20
90000 29
90000 26
55500 37
90000 30
90300 61
94000 42
94500 34
95500 29
96500 33
96990 30
97000 29
97600 32
98500 22
99000 42
99360 31
99900 23
55500 37
100998 23
102600 50
105000 21
105100 51
105500 20
105900 40
106000 40
106900 73
106900 28
107000 24
107000 41
107500 39
107500 39
55500 37
107700 33
108000 23
108000 42
109000 27
109000 44
109077 26
109900 46
110000 43
111300 36
112000 29
112350 30
112350 34
55500 37
112350 33
112875 32
113000 41
113000 41
113000 41
113000 41
113400 48
114000 26
114000 42
115000 72
115000 18
117000 31
117500 39
55500 37
117600 29
117900 30
118000 62
118250 22
118250 22
118800 27
118800 32
118900 38
118900 38
119000 40
119000 40
119240 35
119900 51
55500 37
120000 23
120000 31
120000 45
122300 18
122600 19
122800 37
123050 32
123625 53
124000 25
124400 18
124400 19
124500 37
124740 50
55500 37
125000 46
125400 19
125900 38
126000 29
126250 36
126400 18
126500 33
126700 20
126700 20
127000 28
127000 36
127200 40
127200 55
55500 37
127500 45
127700 20
127700 20
128000 31
128000 39
128400 58
128990 39
129000 30
129360 88
129500 57
129859 42
55500 37
130140 39
130200 40
132500 94
133700 24
133750 50
133990 46
134000 27
134000 45
134144 42
134375 27
134375 41
134750 89
135000 22
55500 37
136000 38
136000 87
136200 22
136200 22
137000 30
137700 29
137816 18
138000 29
138500 51
138500 48
139100 42
139100 46
139100 32
55500 37
139990 36
140000 29
141000 39
141700 42
142000 52
142480 43
143000 24
143600 40
143910 42
144500 54
144900 29
145530 43
146000 42
55500 37
146000 42
146400 27
146900 39
146900 56
146970 36
147000 33
147900 63
148800 63
149000 42
149000 30
149000 37
55500 37
149000 37
149000 42
149800 50
149800 60
150000 60
150000 45
151500 61
151960 63
152000 47
152000 45
152000 41
152250 37
55500 37
154000 38
154800 39
155000 63
155000 51
155000 59
155200 62
155800 28
155875 36
155900 54
155990 49
156000 26
156000 37
156000 55
55500 37
156000 63
157900 50
159000 63
159000 63
159000 27
160000 78
160000 42
160500 33
160600 55
161000 64
161000 34
162000 52
55500 37
162000 26
163000 71
163000 24
163400 38
164000 38
164000 65
164350 62
164500 44
165000 63
165000 38
165000 53
165595 70
165900 35
55500 37
165900 35
166000 30
166000 30
166000 67
167400 42
168000 41
169000 50
169000 61
169000 60
169600 42
169971 54
169971 46
170000 38
55500 37
170000 42
170400 44
171150 62
171583 53
171900 40
172000 28
172500 53
173000 44
173000 36
173269 61
173269 61
173900 41
55500 37
174000 48
174000 63
174900 40
175000 33
175000 33
175360 80
175950 47
177000 39
177000 74
177830 61
178750 40
55500 37
178800 45
179000 60
179760 76
179800 64
180000 49
180000 66
180200 45
181000 43
182000 30
182240 44
183000 42
55500 37
185000 51
185500 76
185900 35
185900 38
186000 40
186000 43
186100 41
187400 43
188000 30
188400 43
188800 63
189000 47
55500 37
189400 43
189700 43
189900 55
190000 37
191000 60
191600 71
192000 27
192000 41
192000 66
192500 35
192600 58
55500 37
193000 40
194000 41
194000 46
194250 47
195000 34
195000 42
195000 56
195000 41
195000 40
195000 42
195000 37
196100 50
197000 41
55500 37
197210 49
198000 78
198000 42
198000 41
198000 72
198300 85
199000 44
199000 35
199000 67
199000 41
199000 48
199000 44
55500 37
199500 87
199750 64
200000 44
200000 41
200000 44
200000 42
200000 42
200000 42
201500 53
202000 27
202000 42
202000 27
202000 28
55500 37
202500 46
203000 42
203000 44
203300 75
203300 23
203990 101
204000 42
204000 44
204750 44
204900 40
204900 38
205000 41
205000 44
55500 37
205000 44
205000 44
206000 68
206000 77
207000 42
207000 42
207000 42
207000 40
207050 80
207876 62
207980 60
208000 48
55500 37
208000 30
208000 65
208000 47
209000 42
209000 42
209000 42
209000 42
209000 41
209500 60
209888 79
210000 54
210700 58
211000 62
55500 37
211000 88
211500 49
212000 44
212000 44
212000 69
212000 39
212175 87
212250 82
213000 88
213100 89
214900 40
214900 40
55500 37
214900 40
215000 88
215900 50
216100 44
218379 45
218990 61
219000 44
219000 44
219500 41
220000 31
220000 61
221000 58
55500 37
221000 41
221000 47
222000 40
222000 59
222000 36
222600 70
223100 55
223400 57
224000 44
224675 68
55500 37
225000 38
225000 54
225000 110
225000 39
226000 72
226000 70
226100 57
226300 38
226825 60
227900 72
227900 70
228000 66
228000 55
55500 37
228000 55
229000 45
229000 78
231000 48
231000 41
231100 58
232000 90
232100 60
232500 58
232875 84
232900 60
233000 41
233200 57
55500 37
233200 64
233500 71
233750 59
234000 59
236000 61
236000 55
236000 65
236250 47
236500 58
236500 59
238000 42
55500 37
238500 60
239177 68
239300 57
240000 100
240000 80
240000 65
240000 43
241000 60
241000 62
241000 65
241500 85
55500 37
241680 54
242000 47
242000 85
243000 55
243200 90
243287 80
243900 63
244376 72
245000 38
245900 62
246200 39
246900 64
247000 65
55500 37
247400 63
247500 63
247900 62
248000 59
248000 107
248500 60
249000 100
249000 41
249475 59
249576 58
250000 55
251000 60
251900 98
55500 37
252000 66
252000 104
252000 59
252000 59
253500 58
253500 58
253900 80
254000 60
254000 41
254400 77
255000 41
255000 56
255800 66
55500 37
256000 62
256000 60
256000 61
256500 39
256760 59
257200 55
257800 46
258000 41
258000 61
258000 41
258000 60
258000 52
258100 40
55500 37
259000 62
259300 39
259900 64
259975 78
260000 46
260000 60
260000 60
260000 62
262000 65
262000 59
262500 50
262700 56
264000 64
55500 37
265000 70
265000 50
266000 64
266000 62
267400 65
267400 64
268000 57
268000 59
268000 58
268000 60
268000 59
268000 62
268000 60
55500 37
268294 84
268400 62
268400 62
268400 62
269000 65
269000 69
269000 44
269300 64
270300 62
270300 62
271300 64
271900 70
272000 59
55500 37
272200 62
272200 62
272800 61
272800 64
273000 82
274000 60
274000 67
274250 85
274400 56
274820 123
274820 123
274842 91
274900 82
55500 37
275000 100
275200 49
275200 65
276100 65
276142 91
276792 90
276800 61
278000 60
278000 62
278000 41
279000 56
279000 59
279000 44
55500 37
279000 56
279592 93
279842 92
280000 62
280000 68
280000 85
281000 65
281042 93
281142 92
282000 64
282442 93
282442 92
283000 59
55500 37
283000 59
283742 92
283842 93
284000 81
284933 80
285042 92
285075 78
285292 93
287000 53
287800 61
287958 114
288000 82
55500 37
288000 68
288750 72
289000 69
289000 44
289800 61
290000 71
291000 68
291000 69
291000 80
291172 92
291200 64
292000 64
294000 65
55500 37
294500 68
294800 61
295000 65
295000 44
295000 70
296000 60
296000 64
296800 77
297000 63
297000 55
297154 80
55500 37
298000 63
298870 100
299000 60
299000 64
299000 64
299586 75
299750 74
300000 65
300600 64
301000 69
301000 69
306000 83
306000 63
55500 37
306770 49
309000 55
310000 58
310000 46
310000 64
310000 92
310930 74
311825 52
312000 57
313000 57
313000 81
313000 80
55500 37
314000 80
314000 64
314000 64
315000 63
315000 61
315000 66
315000 100
315000 66
315000 63
315000 63
315050 86
316000 81
55500 37
316000 85
317000 80
319800 61
319900 68
320250 72
320400 75
320850 106
321000 60
323000 92
324000 84
324000 83
324000 81
55500 37
324000 64
324000 81
324600 84
325000 65
325000 61
325000 61
325000 62
325000 61
325000 63
325000 61
325500 105
326000 95
55500 37
327450 105
329000 81
329000 54
329000 64
329000 79
329800 61
330000 84
330000 62
330000 56
330450 53
332000 81
332000 83
332000 67
55500 37
332160 100
333000 82
334000 62
334000 62
334000 62
335000 61
335000 64
335000 82
335000 61
335360 122
336000 80
337967 87
338000 61
55500 37
338000 69
338000 63
338000 63
338325 105
339000 65
339000 60
339000 59
339000 83
339000 64
339500 74
339500 74
339500 73
339500 74
55500 37
340000 67
340000 84
340915 62
342000 84
342000 61
342000 66
342000 62
342000 67
343000 84
343000 65
343800 62
344000 80
344000 67
55500 37
344000 83
344000 80
344000 60
345000 84
345000 53
346500 136
347000 85
348000 61
348000 62
349000 62
350000 78
351300 62
55500 37
351600 69
352000 60
352000 72
352000 66
354000 64
354000 62
355000 192
356300 113
357000 62
357000 66
357000 77
358000 63
358000 61
55500 37
359000 62
359500 72
361200 73
362000 67
362000 66
362000 62
362000 67
363000 89
365000 69
365000 69
367000 100
368500 136
369500 117
55500 37
370000 71
370000 78
370800 54
375000 78
375000 78
375000 84
375000 78
375000 78
375000 78
375000 78
375200 63
377000 115
378000 72
55500 37
378000 72
379000 65
379600 65
379800 77
381000 61
381600 97
384000 111
384445 57
384800 75
386000 62
386650 72
389000 68
390000 68
55500 37
390000 68
391700 68
391700 68
392000 62
395000 133
395000 81
395000 68
395000 71
398000 260
398000 170
398240 138
398500 79
398800 90
55500 37
399000 60
399000 245
399900 140
400000 341
402200 82
404000 97
405561 134
407000 140
407400 137
407900 68
407900 68
409000 63
409000 63
55500 37
410000 75
410000 106
410000 75
410000 100
410000 80
410000 67
410000 75
410000 75
411764 61
412600 63
412600 63
414000 59
415960 180
55500 37
418000 71
419000 84
419200 138
421000 71
421160 90
422000 84
422000 65
424000 68
426400 101
426906 131
429000 68
429000 68
429000 68
55500 37
433150 166
435000 120
435000 127
435500 90
436750 118
438300 142
438500 91
439000 90
440000 71
442000 78
442000 78
444780 330
55500 37
444780 330
446000 63
447000 220
448000 102
449000 105
449400 76
449600 84
451500 100
455200 75
457000 165
457556 140
458000 95
55500 37
458925 84
461000 104
461760 205
463439 175
465750 160
467500 125
468000 140
469200 150
469200 138
470000 450
474000 83
474000 83
55500 37
475000 115
475000 84
475000 115
477000 150
478000 165
479400 180
480000 142
480000 87
483505 72
484000 73
484400 76
55500 37
485000 128
485000 135
486450 152
488000 93
489000 94
489000 95
489000 94
492000 93
492900 171
494000 161
494990 350
495000 190
496000 119
55500 37
497000 125
498000 128
498600 151
498700 108
499200 109
500800 65
504000 98
506431 135
507000 103
509000 90
509900 175
510000 145
511000 157
55500 37
512000 135
513360 122
516700 88
517500 139
518000 103
518000 103
518000 300
518000 102
519000 147
520000 193
522500 228
525000 110
55500 37
525000 98
525000 180
525000 175
525000 161
530000 159
531000 163
534000 102
539000 86
542000 140
543000 140
544000 102
544960 170
55500 37
545829 174
545900 153
548000 93
548000 93
550000 86
550000 86
550000 86
551200 150
555000 79
555000 79
555300 85
556000 150
556000 91
55500 37
560000 160
564000 127
564000 128
567000 140
567000 145
568150 200
568500 126
569000 155
569000 200
570000 95
570000 128
572000 85
572000 128
55500 37
572000 128
572000 156
572200 123
575900 320
576500 210
580000 93
582000 85
586000 78
590000 93
590000 86
592800 300
594700 90
595000 166
55500 37
595000 79
595000 130
595000 122
595125 128
598500 121
598500 123
599000 130
599000 155
599000 170
599500 180
600000 160
603200 155
55500 37
608000 110
609000 180
610000 85
610000 86
610000 93
613600 200
620000 85
620000 125
621000 180
630000 86
630000 86
639600 117
55500 37
644000 155
645000 252
645000 165
645000 200
645000 93
646200 85
649000 145
650000 93
652000 102
652000 102
656250 300
658350 168
659000 140
55500 37
659000 140
666000 174
666000 144
671000 153
675200 185
682500 197
684000 181
685000 190
685000 102
685000 93
685000 102
687000 110
689000 191
55500 37
689000 191
690000 82
692000 102
695000 216
695000 216
695000 108
695000 108
698250 350
699000 200
699000 140
699000 200
699000 103
700000 250
55500 37
705700 90
705860 170
708900 183
714000 132
714000 132
714000 127
714000 173
717000 260
718900 217
725000 102
725000 102
725500 184
728000 158
55500 37
728000 158
728000 110
728000 165
728000 158
728000 152
729000 170
730000 102
730000 102
739000 169
740000 180
742885 330
749900 175
757000 175
55500 37
758200 88
766000 102
766000 102
768000 265
768040 172
768040 172
779250 275
782000 171
784000 250
784000 102
785000 270
785000 245
787000 106
55500 37
790000 400
795000 235
795000 230
796950 200
805000 260
805000 260
818652 316
831000 101
832000 185
840000 136
840000 190
55500 37
840000 150
847000 134
849000 200
850000 124
850000 124
850000 220
850000 700
850000 124
855000 276
855000 338
856000 700
863200 156
55500 37
863200 158
870000 390
879750 300
884000 223
884150 260
884500 200
898000 260
901680 220
920000 315
921000 131
943447 380
55500 37
946500 334
950000 232
955000 175
960000 255
967200 215
980000 139
982000 230
985000 526
990000 370
995000 450
1000000 137
1030000 119
1048540 350
55500 37
1059900 200
1080000 275
1080000 310
1081500 250
1081500 250
1085000 156
1135000 220
1135000 220
1140000 350
1144000 192
1144000 228
55500 37
1149950 355
1186500 294
1193700 241
1236640 220
1237500 242
1240000 146
1240000 146
1248000 146
1248000 177
1255000 146
1255000 146
55500 37
1255000 146
1255000 145
1255000 146
1260000 161
1275000 250
1332000 170
1449000 178
1456000 280
1550000 500
1652800 902
1665000 350
1915800 400
55500 37
2574000 436
55500 37
