1226 annonces au total
Prix moyen au m²: 2357€
Prix Surface
135000 64
22000 37
35000 11
39000 14
40900 18
46200 16
46900 20
47000 36
49000 42
49000 16
49990 34
49990 18
50000 198
51500 33
169000 76
52640 34
52640 20
53410 25
54500 13
55000 20
55500 20
59000 44
59000 28
59400 28
59900 29
59900 21
60000 68
60000 26
51500 33
63000 29
63860 90
64140 22
65000 32
66000 20
66950 29
66950 25
66950 24
67000 43
67000 43
67000 31
67100 31
69000 24
51500 33
69800 40
70000 28
70000 70
70000 40
70400 31
71000 21
71500 37
71600 20
71950 70
72000 69
72500 74
73400 23
74000 24
147500 67
74000 24
74000 34
74000 38
74500 71
74990 28
75000 71
75500 47
76200 28
76300 75
77000 50
77000 40
78000 37
78000 88
169600 59
78000 74
79000 43
79000 78
79380 33
79500 47
79900 32
79920 47
79920 26
79990 39
80000 105
80000 52
80000 39
80000 33
325000 126
80000 78
80500 50
80900 33
81400 31
81500 74
81900 48
81900 39
82990 33
83000 30
83500 58
83900 17
83990 75
84800 33
275600 99
85000 50
85000 30
85000 57
85700 33
86000 22
86500 50
86800 43
86800 33
86800 37
86850 38
86850 70
87000 51
87200 53
325000 126
87700 42
87700 40
87700 50
87700 47
87700 79
87700 44
88000 47
88000 40
88100 103
88500 90
89000 43
89000 76
89300 39
80000 52
89800 39
90000 76
90000 76
90000 76
90250 67
90950 66
90950 53
91000 76
91000 47
91250 77
91250 66
91250 33
91800 51
96000 61
91800 51
91800 40
91900 106
92000 70
92150 61
92550 48
92880 77
93000 51
93000 47
93500 77
93800 39
94000 41
94500 69
96000 61
94990 77
95000 37
95000 40
95000 36
95300 83
95500 48
96000 62
96000 69
96040 77
96300 41
97000 46
97200 56
97200 74
275600 99
97200 74
97200 94
97400 42
97400 34
97850 74
97900 72
98000 43
98000 69
98000 63
98500 43
99000 50
99000 46
99190 47
169000 76
99500 50
99500 47
99500 76
99500 85
99500 40
99550 43
99550 59
99550 48
99800 61
99900 51
99900 43
100000 58
100000 57
400000 212
100000 38
100000 35
100500 39
100990 44
101970 73
102000 78
102340 46
102500 68
102800 46
102800 53
102900 46
103200 90
103250 92
467000 230
103550 58
103800 44
103990 38
104500 70
104500 80
104640 50
104880 38
104900 53
104900 68
105000 45
105500 50
105500 47
105800 39
400000 212
105950 38
105990 40
106000 65
106000 53
106000 63
106000 79
107000 46
107000 77
107000 31
107000 58
108000 78
108000 45
108000 47
325000 126
108000 51
108100 53
108100 40
108150 68
108150 52
109500 54
109800 41
110000 48
110000 51
110000 46
110000 103
110000 47
110000 65
59900 29
111000 81
111500 50
111700 68
112000 50
112000 65
112000 44
112320 74
113000 45
113400 95
113400 47
114000 50
114280 74
114286 35
147500 67
114286 35
115000 68
115000 35
115000 74
115000 49
115500 61
115500 74
116000 46
116600 59
116640 55
117500 67
117500 70
117700 66
275600 99
117750 57
118000 53
118000 65
118150 34
118450 50
118500 46
118600 45
118720 58
118720 45
118750 42
118800 63
118800 76
119000 68
190300 82
119000 61
119000 77
119000 46
119100 42
119300 34
119500 68
119500 46
119800 38
119800 61
119800 49
119800 76
119800 73
119800 46
80000 52
120000 74
120000 43
120000 44
120150 43
120840 54
120990 97
121000 72
121000 49
121000 70
121000 43
121100 75
122000 60
169000 76
122000 60
122040 70
123000 46
123000 56
123000 82
123500 63
124000 87
124000 56
124100 49
124450 74
124800 48
124900 56
124990 56
96000 61
125000 74
125000 50
125000 50
125000 52
125000 60
125000 54
125000 71
125000 53
125660 54
126000 49
127000 71
127000 41
127000 49
99000 46
127000 49
127000 74
127004 65
127190 76
127200 70
127500 50
128000 52
128000 73
128300 49
128400 66
128400 62
129000 54
129000 49
147500 67
129000 49
129600 81
129600 42
129600 126
129600 84
129800 56
129900 78
130000 57
130000 54
130146 75
131000 65
131000 48
132000 66
71500 37
133000 83
133545 76
133750 57
134776 39
135000 64
135000 73
135900 48
136000 67
136000 61
136000 39
136370 65
136500 70
136990 65
51500 33
137000 39
137000 61
138000 40
138000 80
138000 40
138000 115
138000 75
138500 76
139000 41
139000 42
139100 61
139800 69
325000 126
139800 69
139900 76
140000 54
140000 41
140000 40
140400 87
140400 71
140610 33
141000 41
141900 60
142000 75
142000 41
142000 82
275600 99
142000 41
142000 65
142000 42
142000 41
142900 80
143000 41
143000 52
143000 41
143000 42
143040 79
143500 80
143750 56
143850 81
190300 82
143850 80
143850 80
144000 41
144000 42
144000 42
144000 41
145000 42
145000 42
145000 42
145000 87
145000 42
145000 42
145000 80
169000 76
145000 73
145115 40
145600 49
145600 82
145800 78
146000 58
146000 42
146000 42
146000 43
146000 41
146000 41
146300 66
146300 66
169600 59
146465 104
147000 58
147000 39
147500 67
148000 41
148000 67
148400 67
148400 72
148940 76
149000 89
149000 62
149000 70
149000 90
167000 108
149550 67
149700 47
149800 50
149800 76
149800 84
149800 71
149900 65
149950 114
150000 79
151000 110
152000 66
153000 71
153442 45
169000 76
154900 120
155000 73
155000 81
155000 85
155000 49
155150 84
155600 73
155650 121
156000 85
156033 79
156900 59
157000 103
157000 42
262000 104
157500 105
157500 88
158000 39
158000 38
158300 40
158700 82
159000 79
159000 90
159000 65
159000 76
159500 61
159500 92
160000 64
80000 52
160324 85
160500 100
161000 42
161200 90
161500 110
162000 43
163000 83
163400 44
164000 43
164000 43
164900 60
165000 95
165000 68
51500 33
165000 68
165195 95
166135 84
166146 80
166400 82
166400 76
166400 73
166500 88
167000 108
167000 45
167000 45
168000 97
168000 47
59900 29
168000 65
168000 56
168000 57
168450 82
168900 55
168950 42
169000 76
169000 77
169000 69
169000 45
169415 69
169600 59
169600 87
262000 104
169600 87
169600 89
169600 70
169900 60
169900 56
170000 39
170000 39
170000 39
171200 80
171550 81
172000 71
172000 94
172362 59
262000 104
172800 70
173000 47
174000 47
174410 77
174900 110
174900 87
175000 105
176275 88
176850 72
177000 42
177600 85
178000 88
178000 46
99190 47
179000 87
179000 62
179000 62
179900 70
179920 122
180000 72
180000 160
180200 75
182000 74
182150 87
182895 67
182900 56
182900 81
71500 37
182900 95
183158 52
183900 81
184000 85
184500 83
184700 65
185000 93
185100 60
185500 65
185750 83
187000 70
187000 43
187200 97
80000 52
187200 99
187200 82
187200 93
187500 85
187800 89
188000 50
189000 99
189000 61
189000 65
189000 80
189000 61
189500 80
189900 68
99190 47
189900 76
189900 78
190000 60
190000 85
190300 82
190800 95
192600 97
193000 100
193000 97
193000 58
193200 92
193600 94
194000 61
99190 47
194000 59
194000 58
194250 70
194250 84
194400 92
194850 89
195000 102
195000 62
195000 79
195000 62
195000 111
195000 53
195700 89
70400 31
195900 99
196000 63
196000 58
196740 85
196900 81
197000 88
197000 58
197600 80
197600 80
197950 85
198000 103
198450 94
198640 70
80000 52
198875 74
198900 87
199000 84
199000 53
199000 91
199000 68
199000 82
199000 59
199000 58
199020 80
199400 110
199500 70
199500 138
275600 99
199500 85
199500 70
199595 70
199680 81
199680 81
199800 124
199800 101
199900 95
199900 92
199900 78
200000 80
200000 94
200000 67
59900 29
200000 58
200500 69
201000 59
201000 61
201431 47
201500 80
201900 87
201900 80
202000 83
202000 69
202000 104
202000 59
202400 80
169600 59
203000 81
203100 121
204000 102
204750 101
204900 84
205900 80
206000 83
206000 61
206000 62
206000 61
206000 83
207000 65
207000 60
59900 29
207000 76
207400 90
207400 90
207500 81
207530 84
207800 76
207900 88
207900 78
207900 88
207900 102
208000 61
208000 61
208500 125
51500 33
208650 76
208808 64
208900 101
209000 60
209000 63
209000 65
209000 61
209000 90
209000 63
209000 61
209500 61
209500 63
210000 110
262000 104
210000 110
210000 63
210400 87
211000 65
211000 62
211000 63
211000 61
211000 64
211000 61
211000 124
211000 62
211200 85
211200 54
147500 67
212000 95
212000 62
212400 92
212400 109
212500 63
212580 86
213000 64
213000 61
213700 102
213900 89
213900 104
214000 92
214000 83
80000 52
214420 90
214500 90
214500 121
214700 109
215000 62
215000 71
215000 68
215000 72
215400 115
215900 103
216700 98
216900 103
217000 65
275600 99
217000 65
217000 72
218000 93
218000 64
218400 68
219000 82
219000 80
219000 66
220000 90
220000 90
220000 66
220600 114
221000 64
96000 61
221450 118
221900 101
222000 66
223000 66
223282 56
223282 56
223500 100
223500 100
223500 100
223600 100
224000 64
224300 113
224500 133
96000 61
224700 109
225000 100
225000 92
225000 120
225000 140
225000 140
225150 69
226000 65
226400 109
226877 122
228660 85
228800 88
228800 88
71500 37
228800 168
229000 85
229000 79
229000 106
229700 132
229998 82
230000 83
230000 91
230000 78
230995 72
231000 56
231398 80
232000 97
190300 82
232490 90
232900 96
233200 100
233200 76
233200 180
233200 93
233420 67
234500 73
235000 145
235498 86
235500 96
235870 117
236000 73
400000 212
236000 73
236900 118
237900 133
237950 125
238000 57
238300 65
238300 66
238350 126
238350 125
238500 97
238500 125
239000 120
239000 100
325000 126
239000 71
239000 56
239200 121
239990 110
240000 69
240000 80
240000 69
240000 136
240000 69
240000 47
240900 132
241000 71
242000 71
99190 47
243498 82
243600 140
243800 98
243800 123
244000 140
244400 120
244500 112
244900 110
245000 114
247000 120
247000 56
247000 95
248000 120
147500 67
248750 118
249000 65
249000 93
249600 104
250000 90
252900 126
253000 78
253000 79
253500 145
253735 135
253900 132
254400 144
254400 118
70400 31
254400 100
254500 96
254900 128
255000 105
255000 58
255000 134
255440 98
256520 113
257900 136
258900 118
259000 121
260000 108
262000 104
59900 29
262000 64
262000 63
262500 142
265000 90
265000 215
265000 132
266000 64
267000 130
270000 143
270000 143
272900 136
273000 154
274000 79
400000 212
274000 79
275000 82
275000 141
275600 99
277632 122
278900 165
279000 86
279500 123
279990 133
280000 74
280000 74
280000 74
280000 74
70400 31
280000 74
282000 88
283000 93
284000 148
285000 116
289000 102
289990 250
290000 107
291000 90
291200 187
291700 160
294000 75
296121 116
395000 181
296121 116
296800 115
298000 110
299900 110
299900 102
300000 100
303000 95
305000 140
305500 77
305500 76
306000 100
307400 160
308100 130
325000 126
309520 128
313500 123
314000 95
314000 110
315000 130
315000 122
315000 155
315000 116
315000 190
315000 109
317000 158
318000 104
318000 106
169600 59
319000 111
319500 155
320000 72
320000 68
320000 100
321000 98
321000 67
322000 100
323300 124
325000 126
325000 99
326649 128
327540 129
400000 212
327540 129
327600 110
327600 110
328000 124
332000 106
333900 109
333900 110
337970 198
338620 161
338900 161
338900 161
339000 120
339115 133
262000 104
339890 124
343000 118
345000 124
345500 155
346000 120
346500 126
347000 130
347050 116
348000 128
349000 144
349000 120
349800 124
349990 158
147500 67
350000 145
350000 135
350000 80
350000 550
350000 77
350000 180
353600 139
356000 225
359000 77
359790 122
360000 122
362900 95
363000 157
96000 61
365000 144
365850 124
366500 138
370000 77
370050 118
370300 126
374000 104
374365 140
374400 165
374400 155
374750 128
375000 140
375000 154
59900 29
375000 143
376900 205
378000 310
380000 147
384800 121
384800 176
389500 124
394000 242
395000 140
395000 181
395000 170
395000 119
395000 180
169600 59
395000 180
395000 180
395000 170
395000 81
395850 92
399000 245
400000 212
419120 165
420000 175
420000 214
420000 147
420000 157
422000 90
325000 126
425000 105
425000 105
425000 104
425000 105
425000 104
425000 182
425000 104
429000 250
429450 143
430000 264
440000 163
441000 280
442000 142
59900 29
445000 153
445000 140
447000 210
447000 150
447000 195
448000 215
449000 280
449000 160
462000 79
462000 80
467000 230
467000 165
467955 190
167000 108
468000 190
472300 230
472500 230
472700 157
475000 132
477000 180
480000 305
480000 230
480600 160
486000 203
486000 202
491000 212
493500 230
467000 230
499000 196
499000 150
499000 148
500000 250
501600 296
505000 126
509000 270
522000 190
525000 205
528000 314
530000 264
534000 230
59900 29
548000 304
557500 185
566500 200
566500 280
569000 257
579000 300
585000 179
585000 170
590000 285
593000 280
598000 258
598000 258
598500 95
169600 59
598500 95
598500 258
599000 269
599000 269
599000 270
615000 460
620000 196
620000 216
627000 258
630000 258
634000 190
639000 300
649000 220
169000 76
649000 190
650000 700
650000 243
654000 219
655000 218
675000 202
675000 210
679000 350
689700 330
690000 243
692000 358
693000 280
699000 255
169600 59
708000 257
714000 255
724000 255
760000 285
780000 300
780000 257
780000 300
780000 290
780000 290
780000 290
780000 290
780000 247
825000 132
190300 82
844000 269
847000 600
890000 400
895000 230
895000 230
930000 372
931500 340
936000 300
1145000 300
1350000 457
