588 annonces au total
Prix moyen au m²: 3377€
Prix Surface
45900 9
45900 9
49500 9
63000 11
69000 15
72000 21
72000 18
75900 18
76000 23
79000 29
82500 35
84000 24
84990 30
177000 64
86500 22
86500 25
87000 26
89250 47
89500 19
91000 61
93000 18
96700 30
96700 30
97000 25
97500 32
98000 54
98700 43
129000 51
99900 20
100519 31
101700 66
104000 34
107000 46
111000 58
115400 20
116000 54
116700 27
116810 27
117150 25
117900 20
177000 64
119000 20
119000 22
119900 23
120000 20
120400 20
121700 36
121700 43
122000 47
122265 36
122700 51
122705 47
123000 62
123000 22
129000 51
123900 23
124800 66
124900 23
125000 50
125000 21
125400 21
125400 26
126000 65
126000 71
126000 64
126800 76
129000 22
129000 22
129000 51
129500 47
130000 21
130000 47
130000 20
130600 43
131500 42
132000 22
132000 57
132500 60
132900 24
133000 20
133750 34
177000 64
133750 34
133844 36
135000 22
135200 83
135680 71
135787 32
135900 26
136000 20
136000 20
136000 23
136800 74
139000 20
139000 21
177000 64
139000 26
139000 49
139900 29
140000 66
142000 20
142500 57
143000 58
143000 31
144000 23
146000 24
147900 58
148400 81
148660 53
129000 51
149000 23
149000 23
149460 36
149625 48
151815 53
153510 68
154000 24
154000 67
154000 24
154368 64
154368 64
155275 48
155500 82
177000 64
155500 82
156000 65
157000 80
157000 45
157050 73
159000 59
159000 25
159600 45
160500 66
160500 88
162000 40
177000 64
164110 53
165000 86
166700 78
167520 40
167520 44
167520 47
168000 35
169000 64
169280 81
169500 63
170500 44
172000 86
173500 39
129000 51
177000 64
177500 39
177990 58
178000 67
178500 43
178500 41
179000 29
179000 51
179140 68
179500 61
179500 39
179900 84
180000 39
177000 64
180000 43
180000 91
180000 36
180288 75
180288 75
180500 41
181300 89
181300 90
181470 73
181500 80
182000 51
182000 90
182000 88
177000 64
182000 41
182000 40
182000 90
182000 40
182320 53
182500 42
183000 48
183000 41
184000 88
184500 42
185000 90
185000 48
129000 51
185500 57
185500 42
186000 68
186366 88
186500 55
187500 42
188180 92
188180 91
188460 46
189000 78
189000 35
189500 57
189600 76
177000 64
189900 89
190000 72
190440 85
191000 69
192000 69
192000 72
192000 64
192000 69
192000 72
192400 73
193695 61
195000 69
129000 51
196100 85
196500 65
196500 65
198930 38
199000 41
199000 67
199000 42
199000 99
199000 39
199000 32
199120 51
199120 51
201000 78
129000 51
202500 44
202670 81
202800 57
204000 111
204500 46
205000 39
205500 44
207000 72
208000 33
208500 44
208800 46
208800 47
208800 46
177000 64
209000 39
209000 35
209400 55
209400 89
209700 130
210000 64
210000 39
211000 34
211500 44
212000 34
212995 87
212995 87
212995 74
177000 64
213500 45
213615 47
213615 47
214000 63
214000 63
215000 35
216500 46
217000 119
217350 64
217818 80
218000 67
218400 64
218400 64
129000 51
218570 65
219000 39
219450 60
219500 86
219870 67
221550 85
222000 43
223000 120
223850 87
224500 46
225000 40
227000 67
227000 61
177000 64
229900 80
231000 90
232000 67
232000 67
232500 67
233100 62
234000 67
234470 85
235000 67
235300 63
236250 69
237375 84
129000 51
239500 59
239500 64
241500 60
243110 113
243420 137
244000 64
244400 62
244500 64
244791 79
245000 141
245000 70
245000 59
129000 51
245200 64
247000 57
248200 68
249000 70
249000 70
250000 61
250233 70
252000 76
252000 76
254000 61
254400 120
129000 51
254500 144
255000 69
255000 63
257000 70
259000 75
259000 59
259500 140
260000 113
265000 75
269000 86
269300 91
269500 215
129000 51
270140 84
270400 75
272220 80
272600 69
275600 67
278250 190
278250 82
281512 171
281960 79
282000 85
282000 41
285000 115
285725 71
177000 64
286000 63
286608 96
286650 70
287000 77
287375 100
287925 80
288000 64
288750 71
288750 68
288750 85
289500 66
289520 118
177000 64
290000 96
292500 66
293160 85
294000 65
294000 103
298000 70
298410 93
301310 123
303050 114
303050 100
305000 237
305300 113
306600 73
129000 51
308275 285
308670 67
309000 80
319000 48
322000 62
322400 106
325630 194
326000 96
329000 78
330000 66
330750 105
332000 68
332000 68
177000 64
332000 68
336000 82
337675 104
337675 104
339000 84
340275 68
341000 68
345900 95
347730 117
348000 117
350075 68
350745 120
355000 92
129000 51
357000 110
361000 76
361000 76
361000 76
363000 79
365750 135
365750 130
365750 128
366450 109
367500 88
368100 76
370000 165
371000 80
129000 51
371000 188
375000 280
378000 105
380000 80
380000 76
384560 200
385540 105
385910 130
386900 124
387000 127
388000 109
388000 64
389785 138
129000 51
392625 110
395500 114
395960 101
398000 105
398000 82
398000 94
398664 113
399000 245
399000 81
399000 81
399000 81
399900 83
129000 51
400400 76
402325 126
403095 84
408000 113
411000 87
412000 80
413400 360
415000 80
416000 151
416000 138
417500 90
417500 90
418800 76
129000 51
418800 58
420000 100
420000 86
420000 86
425000 106
427220 118
428000 107
428450 120
429270 56
435200 136
437640 142
439740 142
441000 117
177000 64
444800 84
445200 104
448920 141
449000 83
449000 83
450000 112
454545 90
460680 102
463000 88
465000 243
465900 135
468000 113
177000 64
471150 71
471150 132
472500 54
472500 177
476000 136
480000 94
489000 156
491150 122
495000 131
495000 133
497800 215
497800 88
499200 400
177000 64
499400 142
510000 160
513030 290
513600 80
518000 200
520000 116
520000 250
523800 185
530000 148
535500 125
540000 127
544440 70
544950 135
177000 64
545000 230
549670 142
550000 101
550400 123
553850 105
555000 350
564300 124
568000 128
572000 190
573000 128
573000 110
575000 103
177000 64
577500 345
580000 137
589680 190
627000 181
629000 160
630000 154
632800 138
638670 216
638670 212
640000 134
644800 125
651000 142
651500 160
177000 64
659610 136
661157 188
661500 170
661600 140
683689 115
683689 115
686400 160
690000 240
717300 139
728056 170
748080 396
748600 111
129000 51
748605 112
749500 280
750000 900
750000 119
750000 109
750000 147
750000 108
750000 120
750000 108
754000 153
800000 207
861540 191
880000 266
177000 64
894400 165
898650 185
933000 450
990000 121
990000 117
994650 158
1018000 650
1035000 670
1110000 250
1150000 125
1365000 300
1813000 280
2129950 500
129000 51
2129950 500
129000 51
