1600 annonces au total
Prix moyen au m²: 2500€
Prix Surface
98500 50
42000 46
43000 28
43500 12
44000 20
44000 22
44000 28
44000 22
45000 19
45000 18
45000 18
46000 53
46000 12
46900 16
420000 200
47000 20
47000 24
47300 23
48000 24
49000 22
49500 18
50000 16
51000 33
52000 48
53000 17
54000 19
54000 19
420000 200
54500 20
54500 14
55000 48
55000 17
55000 58
55000 18
55000 28
55000 31
55000 63
55000 69
55000 24
55000 73
55000 17
199000 62
55000 50
56000 16
56000 29
56000 13
56000 14
56000 31
56000 21
56800 18
57000 54
57000 48
57500 17
57900 17
199000 62
58000 33
58000 77
58000 77
58000 67
58000 18
58500 13
59000 38
59000 59
59000 44
59000 107
59000 48
59000 48
59900 17
430000 170
59900 21
60000 20
60000 67
60000 77
60000 76
60500 17
60700 17
61000 67
62000 23
62000 16
62000 66
62500 78
199000 62
63000 58
63200 15
64800 32
64900 26
65000 67
65000 60
65000 74
65000 25
65000 20
65000 20
65000 16
65000 33
65000 14
199000 62
65000 31
65000 53
65000 20
65000 20
65000 30
65000 62
65200 22
65400 33
65400 32
65400 33
65400 18
65500 24
65700 33
420000 200
66000 33
66000 71
66000 56
66000 44
66000 58
66000 23
66490 23
66900 31
67000 68
68000 75
68000 67
68000 46
420000 200
68000 67
68000 40
68000 79
69000 60
69000 54
69000 40
69000 60
69500 20
69500 57
69550 49
430000 170
69900 60
70000 27
70000 75
70000 59
70000 29
70000 28
70000 20
70500 28
70500 25
71000 28
71000 47
71000 23
71000 47
430000 170
71000 39
71000 21
71100 21
71500 22
71500 52
71690 46
72000 30
72000 11
72000 11
72000 61
72500 31
72580 52
73000 66
420000 200
73000 66
73500 49
73990 30
74000 30
74000 18
74000 18
74000 21
74000 38
74000 19
74000 39
74100 21
74500 72
74600 35
430000 170
74900 43
74900 21
75000 18
75000 18
75000 91
75000 52
75000 27
75000 57
75000 79
75000 36
75000 26
75000 23
75000 91
430000 170
75000 79
75000 34
75000 46
75500 23
75600 27
76000 40
76000 31
76000 36
76000 18
76300 39
76300 41
76500 33
76500 25
430000 170
76650 53
77000 61
77000 71
77000 81
77500 56
78000 34
78000 33
78000 36
78000 42
78000 37
78200 33
78200 33
78500 36
420000 200
78500 36
79000 58
79000 47
79000 47
79000 43
79000 54
79000 30
79500 26
79500 29
79500 30
79500 78
79500 54
79999 30
420000 200
80000 33
80000 78
80000 75
80000 26
80000 55
80000 52
80000 43
80000 47
80000 52
80000 47
80000 27
80000 80
420000 200
81000 65
81000 36
81000 31
81000 47
81396 65
81500 21
81500 42
82000 30
82000 75
82000 27
82000 32
82500 37
82700 37
430000 170
83000 83
83000 41
83000 37
83000 37
83000 48
83000 37
83000 37
83000 37
84000 28
84000 80
84000 47
84900 21
84900 28
199000 62
85000 35
85000 28
85000 46
85000 56
85000 56
85000 35
85000 39
85000 52
85200 49
85500 61
86000 50
86000 40
430000 170
86000 50
86000 78
86000 49
86000 66
86000 33
86000 68
86000 40
86000 36
86000 44
86250 60
86400 68
86400 51
86400 51
199000 62
86500 65
86500 40
86500 25
86670 71
87000 39
87000 34
87000 59
87000 40
87000 46
87200 40
87400 30
87500 44
87500 41
420000 200
88000 40
88000 49
88000 38
88000 39
88000 38
88200 65
89000 83
89000 30
89000 75
89000 36
89000 62
89500 47
89500 47
420000 200
89500 55
89900 80
90000 38
90000 82
90000 58
90000 56
90000 54
90000 54
90000 30
90500 76
90950 41
90950 71
90980 71
199000 62
91000 78
91000 30
91000 29
91000 78
91000 86
91000 41
92000 54
92500 49
93000 36
93000 42
93274 19
94000 28
94000 30
420000 200
94500 45
94900 54
95000 36
95000 80
95000 38
95000 52
95000 42
95000 42
95000 33
96000 57
96000 57
96000 36
96000 35
199000 62
96000 58
96000 36
96000 35
96600 19
96600 52
96700 19
97000 69
97000 38
97000 51
97000 62
97000 29
97200 19
97200 19
420000 200
97200 33
97300 19
97300 24
97500 19
97500 40
97500 31
97500 62
98000 88
98000 91
98000 49
98000 40
98000 79
98000 50
420000 200
98000 49
98500 50
99000 51
99000 46
99000 75
99000 75
99000 51
99000 78
99000 33
99000 31
99000 29
99000 70
99000 80
430000 170
99000 40
99000 33
99000 78
99000 49
99000 48
99101 74
99129 20
99500 53
99500 37
99500 74
99500 38
100000 68
100000 75
199000 62
100000 68
100500 61
101000 47
101000 38
102000 62
102000 35
102000 40
102000 40
102000 33
103000 28
103000 28
104000 45
104500 36
430000 170
105000 32
105000 35
105000 58
105000 54
105000 40
105000 80
105000 36
105000 36
105260 76
105500 32
105800 61
106000 32
106000 57
430000 170
106000 32
106455 66
106455 66
106500 80
107000 36
107000 54
107000 86
107000 59
107000 54
108000 78
108000 32
108000 40
108000 61
420000 200
108900 52
109000 64
109000 36
109900 80
110000 54
110000 56
111000 79
111300 50
112000 49
112000 65
112000 52
112000 60
112000 60
420000 200
112000 65
112076 23
112500 68
112500 62
113000 76
113000 88
113000 50
113000 70
113000 45
113500 23
113600 23
114000 52
114000 72
199000 62
114900 66
115000 37
115000 45
115000 87
115000 67
115000 91
115774 91
116000 49
116000 72
117000 61
117000 40
117000 56
117000 73
420000 200
117046 92
117500 49
118000 61
118000 73
118000 85
118200 60
118400 49
119000 36
119000 70
119200 67
119500 80
119500 47
420000 200
119900 71
119900 65
120000 56
120000 60
120000 69
120000 41
120000 68
120000 57
120000 42
120000 60
120750 66
120750 65
121000 69
430000 170
121000 69
121000 39
121000 46
121500 48
121900 70
122000 44
122500 42
122500 37
122995 40
123000 75
123000 37
123000 74
123000 39
430000 170
123981 37
124000 42
124000 46
124000 46
124000 48
124000 74
124000 46
124000 47
124200 50
124500 46
124754 42
124900 50
125000 58
420000 200
125000 50
125900 41
126000 41
126000 41
126000 54
126000 80
126160 93
126600 78
127000 47
127000 55
127200 41
127500 45
127500 47
199000 62
127900 47
128000 62
128000 82
128000 70
128400 49
128400 30
128400 46
128400 30
128500 60
129000 78
129000 40
129000 71
129000 73
430000 170
129000 78
129000 71
129000 64
129500 37
129500 55
129500 72
130000 58
130000 62
130000 61
130000 39
130000 61
130000 65
199000 62
130000 60
131250 74
131250 46
131250 74
132000 65
132000 34
132000 46
132000 64
132500 46
133000 65
133000 30
133000 63
420000 200
133400 30
133400 30
134000 80
135000 45
135000 47
135000 88
135000 75
135310 20
135500 41
135990 43
136000 80
136000 64
136000 72
430000 170
136000 82
136000 80
136000 72
137000 78
137000 92
137500 76
137800 48
137903 28
137903 28
138000 80
138000 37
138000 46
138000 61
420000 200
138500 72
138500 78
139000 77
139000 83
139000 72
139000 58
139000 74
139000 68
139000 70
139125 78
139125 78
139500 48
139500 46
430000 170
139500 65
139900 48
139900 48
139900 65
139900 70
140000 48
140000 54
140000 96
140000 54
141000 57
141000 48
141000 42
141500 82
420000 200
141700 81
141750 82
141750 82
142000 43
142000 43
142000 69
143000 47
144000 63
144000 37
144000 48
144000 67
144000 52
144500 58
199000 62
144700 67
145000 56
145000 75
145000 43
145500 48
146000 41
146000 50
146500 90
146500 64
146500 66
147000 57
147000 37
147000 51
430000 170
147000 65
147900 94
148000 52
149000 71
149000 96
149000 37
149000 70
149000 56
149000 85
149000 53
149000 71
149000 58
149000 58
430000 170
149000 53
149000 71
149000 53
149000 71
149300 38
149500 65
149900 43
149900 58
150000 53
150000 53
150000 72
150000 47
150000 53
199000 62
150338 53
152000 59
152000 59
152300 38
152500 63
153000 67
153000 75
153000 91
153500 47
154000 38
154000 36
154000 38
199000 62
155000 57
155000 62
155000 46
155000 57
155000 58
155000 46
155000 72
156000 75
157000 56
157000 99
157000 58
157000 58
157000 39
420000 200
157000 37
157500 96
157500 76
157500 91
157500 58
158000 70
158000 52
158000 67
158000 56
158000 58
158000 43
158500 51
159000 52
420000 200
159000 80
159000 52
159000 97
159000 76
159000 73
159000 62
159500 80
159500 71
159500 82
159500 48
159800 103
159900 90
160000 41
199000 62
160000 77
160000 41
160000 71
160000 80
160000 80
160000 75
160036 33
160500 80
160500 80
160654 33
160654 33
161000 43
161000 43
199000 62
161000 43
161200 56
162000 64
162000 58
162000 58
162000 62
162000 66
162000 39
162380 90
163000 42
163020 111
164000 65
164000 63
199000 62
165000 90
165000 79
165000 89
165578 30
165842 34
165900 70
166000 77
166000 59
166500 105
166800 57
167000 59
167000 63
167000 41
199000 62
167000 63
167000 56
168000 84
168000 38
168000 38
168000 96
168000 38
168000 64
168400 47
169000 58
169000 75
169000 59
169000 81
420000 200
169000 83
169000 59
169113 31
169470 50
169470 50
169500 76
169500 66
169900 59
170000 70
170000 68
170000 78
170000 65
170000 64
199000 62
170200 31
170400 47
171000 43
171000 64
171000 64
172000 64
172000 64
173000 63
173000 61
173000 107
173000 65
173000 67
173000 64
420000 200
173000 64
174000 70
174000 64
174800 58
174900 81
174900 50
174900 104
175000 103
175000 59
175000 60
175000 68
175000 73
175000 74
430000 170
175000 74
176000 65
176000 62
176000 67
176000 58
176000 81
177000 67
177000 67
177300 60
178000 65
178000 92
178000 69
178000 67
199000 62
178000 67
178000 65
178500 59
178900 65
179000 80
179000 68
179000 61
179000 71
179000 67
179500 74
179900 77
179990 63
180000 125
430000 170
180000 102
180000 67
180000 67
180000 68
180000 68
180200 74
181000 67
181000 67
181000 68
181500 74
182000 85
182000 60
182000 67
430000 170
182000 67
183000 115
183000 61
183500 65
184000 65
184265 59
184500 56
185000 62
185000 64
185000 62
185500 57
185500 73
185800 55
199000 62
186000 101
186000 94
186500 73
186800 69
186900 68
187000 73
187000 64
187200 73
187200 73
187200 73
187400 99
187900 87
188000 56
420000 200
188000 75
189000 74
189000 91
189000 74
189000 65
189000 128
189000 59
189000 56
189000 104
189000 56
189000 59
189000 64
189000 89
199000 62
189500 95
189600 64
189611 59
190000 90
190000 95
190000 66
190000 92
190000 90
190000 58
190000 61
191000 95
191000 62
191500 82
199000 62
191900 87
192000 99
192000 88
192000 58
192000 59
192500 64
192500 59
192500 58
192600 70
192600 70
193000 79
193000 75
193000 64
430000 170
193500 58
194000 62
194000 99
194000 62
194200 116
194200 58
194500 58
195000 57
195000 120
195000 55
195000 84
195000 99
195000 56
430000 170
195000 84
195000 55
195000 64
195000 64
196000 93
196100 93
196500 62
197000 65
197000 70
197500 75
198000 70
198000 70
198000 70
430000 170
198000 83
198000 50
198000 70
198400 64
198500 77
198500 75
199000 60
199000 60
199000 115
199000 62
199000 75
199000 118
199000 76
420000 200
199000 75
199000 118
199000 76
199000 75
199000 62
199500 124
199500 92
199500 61
199500 125
199900 64
200000 90
200000 90
200000 78
199000 62
200500 74
200500 75
201000 119
201000 82
201800 60
202000 107
202000 61
202000 83
202500 63
203000 77
203000 58
203500 75
204000 78
430000 170
204000 78
204000 116
204000 75
205000 78
205000 64
205000 85
205000 105
205000 61
205000 78
205300 60
205400 62
206000 63
206000 51
430000 170
206500 63
207000 83
207000 64
207000 78
207400 64
207500 62
208000 86
208000 78
208000 78
208000 77
208000 78
208400 84
208400 128
430000 170
209000 78
209000 51
209000 78
209000 78
209000 78
209000 78
209000 78
209000 77
209500 75
209900 78
210000 86
210000 70
210000 92
199000 62
210000 92
210000 78
210000 77
210000 78
211000 78
211000 77
211000 78
211400 66
211500 99
211600 81
212000 100
212000 78
212000 83
199000 62
212000 83
212000 64
212000 78
212000 99
212000 99
213000 77
213500 75
213500 75
215000 71
215200 64
216000 102
216000 70
216000 70
199000 62
216421 40
216500 85
216500 85
217000 63
217000 71
217000 70
217508 40
218000 66
218000 70
218000 97
218052 40
218500 75
218500 75
430000 170
218500 75
219000 82
219000 77
219000 71
219630 60
219900 81
219900 79
220000 80
220000 111
220000 80
220000 67
220000 67
220000 92
199000 62
220000 67
220000 92
220000 67
220000 101
220000 68
220000 67
220000 67
220227 40
220771 41
221000 62
221000 87
221500 102
430000 170
221500 102
222000 87
222000 87
222500 120
223761 41
224000 90
224000 87
224900 115
224999 105
225000 105
225000 104
225000 123
199000 62
226000 61
226000 60
226000 96
226000 73
228000 76
228500 75
228696 77
229000 80
229000 90
229000 88
229000 103
229000 103
229000 113
430000 170
229000 88
229500 40
229500 40
230000 66
230000 67
230000 120
230000 67
230500 38
230500 38
231000 90
232000 62
232000 46
232000 136
420000 200
232000 73
232000 75
232000 74
233000 66
233000 67
233000 67
233000 75
233200 55
233500 73
233900 91
234000 103
234500 35
234500 35
420000 200
235000 68
235000 85
235000 96
235000 75
235000 80
235216 80
236000 68
236000 68
236000 73
237000 67
237000 80
238000 140
238000 79
420000 200
238000 100
239000 80
240000 67
240000 94
240618 44
240900 87
241000 79
242000 70
242521 45
243000 88
245000 76
245000 97
430000 170
245000 85
245000 76
246000 77
246000 77
247500 115
248000 75
248000 140
249000 68
249000 69
249000 120
249000 119
249000 120
249000 70
430000 170
249000 68
249000 91
249000 116
249100 104
249900 110
249900 111
249900 85
251400 80
252000 70
252500 89
254400 93
254756 47
255000 105
199000 62
255000 70
256900 111
257000 85
257000 127
258000 73
258000 73
258000 83
258000 83
259000 103
259400 80
259500 160
259700 63
420000 200
259700 63
260000 80
260000 80
260000 83
261000 80
261000 80
261400 79
262000 80
262000 126
262000 91
262500 190
262500 135
262500 180
199000 62
263000 80
263000 80
263000 105
263550 105
264000 140
264000 140
264000 130
265000 80
265000 102
265000 80
265000 80
265000 80
265000 80
199000 62
267250 122
268000 94
268000 80
269000 82
269000 80
269000 80
269000 89
269000 70
269000 66
269000 80
269000 135
269000 107
270000 80
420000 200
270000 80
270000 94
270000 435
271000 75
272000 80
272000 82
272000 80
273000 94
273000 79
274077 128
275000 164
275000 73
275000 74
430000 170
275000 74
275000 73
275000 96
277000 74
278000 82
278000 90
278000 80
278000 80
279000 89
279000 87
280000 74
280000 89
280000 160
420000 200
283000 106
284000 85
284000 85
284500 51
286216 80
287000 79
288000 92
288000 92
288940 62
290000 84
291000 84
292000 84
292000 127
199000 62
293550 170
294000 79
294000 150
294000 166
294000 150
295000 133
295811 54
296083 54
297000 115
298000 100
299000 107
299000 85
299000 136
420000 200
299000 78
299000 85
299000 140
299000 241
299250 107
300000 80
304000 125
305000 110
310000 68
310493 57
315000 160
315000 100
420000 200
315000 116
320000 97
320000 59
324000 91
325000 165
325000 180
325000 112
325000 160
325077 128
326000 160
328000 118
328000 109
333000 173
420000 200
333000 295
338000 94
338400 93
340000 95
340000 94
342000 116
343000 260
343000 130
343000 130
344411 160
345000 82
345000 82
345000 73
420000 200
345000 82
345000 97
345000 73
345000 82
346382 64
349000 100
352000 90
352000 95
354500 78
354500 78
356000 73
357000 85
357000 88
420000 200
357000 85
357000 85
357000 85
359000 125
359704 66
362000 152
363000 130
364000 125
365000 137
365000 340
365000 137
365000 137
365000 82
199000 62
365000 137
365900 92
366000 140
366000 144
366000 88
367500 196
368000 129
368000 160
368000 116
369000 148
373000 122
375000 185
199000 62
375000 164
375000 164
378000 332
379000 135
379000 90
379000 97
380000 86
380000 158
383000 95
385000 175
385000 82
385000 160
388000 98
199000 62
390000 500
391500 85
391500 85
391500 85
391500 86
393000 85
399000 233
399000 185
399000 132
400000 80
400000 200
400000 208
404000 700
199000 62
408000 85
408000 150
409000 95
409500 124
411500 198
415000 117
415000 185
418000 85
418000 87
420000 200
423000 245
425000 160
428000 85
430000 170
428000 85
429000 270
436800 154
438000 87
442000 110
445000 150
445000 150
445000 118
449000 220
449800 200
450000 132
450000 132
463000 110
199000 62
468000 128
468000 132
470000 130
471341 242
479000 120
479000 122
479000 121
479500 370
483000 250
483000 92
487000 200
489000 221
493000 92
430000 170
498000 700
513000 99
513000 99
525000 155
525000 250
539900 184
540000 200
543500 115
545000 170
550000 187
550000 187
560000 134
420000 200
563000 123
569000 360
570000 117
572000 190
572400 170
577000 316
595000 160
595000 117
599000 180
625000 231
648000 203
650000 400
660000 145
430000 170
661000 200
682500 280
685000 225
695000 335
695000 280
710000 187
710800 314
715000 200
720340 314
720340 314
730000 370
760000 300
420000 200
840000 230
840000 230
878000 350
890000 400
892500 360
894400 335
910000 325
954000 350
1508000 196
1600000 197
