1400 annonces au total
Prix moyen au m²: 1333€
Prix Surface
199000 90
15000 19
15000 19
17000 19
17000 19
18000 19
19000 22
21500 19
23000 39
23000 70
24000 19
24000 42
24000 19
24000 19
199000 128
24000 32
24000 42
24000 32
24500 18
25000 36
25000 48
26000 51
27000 30
28000 58
28000 60
28000 49
29000 55
29000 31
199000 128
29000 30
29000 49
29000 32
29000 16
29000 45
29000 41
29900 49
30000 13
30000 39
30000 39
30000 35
30000 19
31000 23
199000 128
32000 48
32000 22
32000 47
32000 16
33000 49
33000 38
33900 39
34000 35
34000 48
34000 55
34000 52
34500 50
34500 46
199000 125
35000 60
35000 45
35000 17
35000 62
35000 33
35000 70
35000 50
35000 50
35000 30
35500 26
36000 43
37000 31
199000 125
37000 64
37200 93
37800 55
38000 63
38000 40
38000 50
38500 56
39000 44
39000 73
39000 37
39000 65
39000 21
39000 24
199000 125
39000 32
39000 39
39000 63
39000 52
39000 68
39000 50
39000 54
39000 37
39440 58
39500 52
39500 54
39500 47
39500 60
39500 54
39600 37
39900 76
40000 55
40000 68
40000 23
40000 55
40000 65
40000 22
40000 67
40000 49
40000 49
40000 24
41000 59
199000 125
41000 59
41000 49
41000 40
41500 21
41500 46
41500 20
42000 80
42000 51
42000 66
42000 31
42000 53
42000 79
42000 53
199000 128
42000 62
43000 69
43000 46
43000 22
43000 64
43800 65
44000 49
44000 31
44000 47
44000 57
44000 44
45000 60
45000 41
199000 128
45000 53
45000 41
45000 50
45000 55
45000 48
45000 45
45000 51
45000 58
45000 48
45000 36
45000 58
45500 50
46000 72
199000 128
46000 67
46000 43
46000 57
46000 51
46000 59
46000 72
46000 40
46000 29
46500 31
46500 18
47000 77
47000 41
47000 55
199000 128
47000 54
47000 65
47500 60
48000 74
48000 58
48000 58
48000 25
48000 45
48000 40
48000 54
48500 53
48500 18
48750 43
199000 128
49000 64
49000 66
49000 59
49000 49
49000 58
49000 59
49000 89
49000 67
49000 62
49000 65
49000 66
49000 43
49000 52
199000 125
49000 66
49000 41
49000 67
49500 57
49500 47
49500 56
49500 84
49500 53
49500 65
49900 50
49900 95
49900 75
49900 75
199000 125
49950 66
50000 62
50000 75
50000 52
50000 50
50000 53
50000 52
50000 26
50000 73
50000 63
50000 45
50000 53
50000 46
199000 125
50000 37
50000 85
50000 46
50000 64
50500 65
51000 26
51000 60
51000 64
51000 77
51900 29
52000 45
52000 42
52000 83
39500 54
52000 56
52000 83
52800 43
52900 50
53000 70
53000 51
53000 50
53000 35
53000 56
54000 70
54000 58
54000 52
54000 76
199000 128
54000 76
54000 45
54000 67
54000 58
54000 52
54000 60
54500 44
54900 59
55000 58
55000 63
55000 58
55000 35
55000 82
199000 128
55000 68
55000 65
55000 77
55000 70
55000 59
55000 92
55000 62
55000 48
55000 65
55000 46
55000 86
55000 60
55000 57
199000 128
55000 78
55000 92
55000 59
55000 62
55000 48
55000 65
55000 86
55000 60
55000 57
55000 46
55000 65
55000 71
55000 63
199000 125
55000 65
55000 77
55500 42
56000 65
56000 57
56000 71
56000 42
57000 57
57000 63
57000 57
57000 60
57000 52
58000 46
39500 54
58000 56
58000 77
58000 55
58000 57
58000 57
58600 51
59000 29
59000 82
59000 55
59000 53
59000 63
59000 72
59000 54
39500 54
59000 37
59000 84
59000 84
59000 122
59000 66
59000 42
59000 58
59000 65
59000 71
59000 68
59000 55
59000 55
59000 68
39500 54
59462 93
59500 72
59500 83
59900 68
60000 55
60000 62
60000 76
60000 74
60000 65
60000 71
60000 77
60000 69
60000 86
39500 54
60000 74
60000 65
60000 81
60000 19
60000 54
60000 59
60000 55
60000 113
60000 97
60100 53
60500 54
61000 70
61000 96
199000 125
61000 70
61000 75
61500 78
61500 52
62000 91
62000 66
62000 76
62000 76
62000 57
62000 49
62700 51
63000 73
63000 63
199000 128
63000 63
63000 68
63000 74
63000 80
63000 60
63000 46
63000 64
63000 67
63500 66
64000 65
64000 125
64000 58
64000 36
199000 128
64000 60
64000 58
64000 80
64000 68
64500 71
64623 21
65000 58
65000 72
65000 63
65000 75
65000 63
65000 71
199000 125
65000 56
65000 63
65000 70
65000 76
65000 63
65000 60
65000 87
65000 80
65000 69
65000 85
65000 72
65000 63
65000 71
39500 54
65000 60
65000 63
65000 68
65000 77
65000 55
65500 50
66000 71
66000 76
66000 64
66000 61
66000 58
66000 68
66000 35
39500 54
66000 70
66000 67
66000 76
66500 64
67000 66
67000 21
67000 65
67000 22
68000 45
68000 58
68000 85
68000 65
68000 51
199000 128
68000 62
68000 51
68000 53
68000 63
68500 53
69000 85
69000 68
69000 65
69000 60
69000 67
69000 73
69000 80
199000 125
69000 78
69000 64
69000 75
69000 64
69000 80
69000 46
69000 70
69000 87
69000 40
69000 64
69000 64
69000 96
69000 103
39500 54
69500 81
69500 114
69500 60
69500 66
69500 91
69500 82
69500 70
69500 65
69500 82
69990 34
70000 69
70000 68
70000 73
199000 125
70000 68
70000 73
70000 68
70000 100
70000 74
70000 94
70200 54
71000 62
71000 60
71000 112
71000 74
71000 105
72000 90
199000 128
72000 75
73000 54
73000 56
73000 75
73000 77
73500 76
74000 81
74000 48
74000 76
74000 67
74000 69
74200 60
74500 127
39500 54
75000 80
75000 70
75000 57
75000 80
75000 89
75000 73
75000 136
75000 65
75000 88
75000 80
75000 90
75000 85
75000 69
199000 128
75000 82
75000 67
75000 136
75000 65
75000 94
75000 59
75000 65
75000 59
75000 77
75000 70
75500 63
75600 59
76000 82
199000 125
76000 93
76000 82
76000 72
76000 89
76000 76
76500 73
76500 73
77000 82
77000 59
77000 80
77000 90
77000 60
77000 68
39500 54
77500 70
78000 71
78000 50
78000 80
78000 76
78000 58
78000 27
78000 98
78000 95
78000 88
79000 71
79000 72
79000 88
199000 128
79000 70
79000 75
79000 88
79000 69
79000 63
79000 72
79000 77
79000 78
79000 74
79000 77
79000 72
79000 80
79000 78
39500 54
79000 69
79500 74
79500 86
79800 72
79800 72
79900 73
80000 71
80000 80
80000 67
80000 32
80000 86
80000 60
199000 128
80000 82
80000 34
80000 69
80000 31
80000 60
80000 84
80500 71
81000 73
81000 69
82000 109
83000 34
199000 125
83000 73
83000 65
83000 34
83000 99
83000 74
83000 99
83000 106
83500 62
84000 66
84000 80
84000 50
84000 68
84500 90
199000 125
85000 80
85000 57
85000 57
85000 83
85000 78
85000 57
85000 64
85000 77
85000 76
85000 85
85000 31
85000 75
85000 67
39500 54
85000 75
85000 67
85000 70
85000 86
85000 76
86000 73
86000 91
86000 55
87000 85
87000 76
87000 80
87000 91
87000 71
199000 128
87000 91
87000 85
87500 81
88000 88
88000 64
88000 86
88000 83
88000 107
88000 40
89000 87
89000 77
89000 78
89000 83
39500 54
89000 80
89000 68
89000 83
89000 75
89000 83
89000 61
89000 48
89000 91
89000 83
89000 70
89750 105
89800 84
199000 128
89800 84
90000 130
90000 96
90000 82
90000 81
90000 91
90000 67
90000 67
90000 90
90000 60
90000 94
90000 79
90000 76
39500 54
90000 82
90000 67
90000 77
90900 62
90990 61
91000 94
91000 80
92000 75
92000 52
92000 62
92000 74
92000 64
92000 71
199000 125
92000 61
92000 44
92000 69
92000 71
92000 74
92000 44
93000 96
93000 68
93000 69
93000 98
93000 61
93000 105
199000 125
94000 94
94000 95
95000 84
95000 78
95000 87
95000 95
95000 90
95000 85
95000 80
95000 69
95000 82
95000 85
95000 99
199000 128
95000 85
95000 82
95000 95
95000 84
96000 74
96000 63
96000 90
96000 89
96000 90
96000 50
96000 89
96000 107
96000 95
39500 54
97000 89
97000 119
98000 75
98000 86
98000 86
98000 80
99000 76
99000 77
99000 55
99000 107
99000 59
199000 128
99000 59
99000 105
99000 81
99000 57
99000 76
99000 111
99000 72
99000 65
99000 81
99000 95
99000 89
100000 95
100000 94
199000 125
100000 80
100000 108
100000 107
100000 62
102000 72
103000 41
103000 120
103000 57
103000 41
104000 87
104000 92
104500 72
104500 65
199000 125
104990 77
105000 86
105000 96
105000 87
105000 88
105000 65
105000 106
105000 71
106000 58
106200 83
107000 97
107000 150
107000 63
39500 54
107500 115
107500 82
108000 88
108000 85
108000 39
108000 61
108000 75
108000 90
109000 70
109000 141
109000 103
109500 61
110000 96
39500 54
110000 96
110000 62
110000 78
110000 100
110000 112
110000 104
110000 98
110000 116
110000 107
110000 83
111000 108
112000 75
112000 105
39500 54
112000 80
113500 95
114000 117
114300 103
114500 87
115000 70
115000 93
115000 112
115000 70
115000 112
115000 120
115000 86
115000 79
199000 128
115000 112
115000 79
115000 120
115000 86
115000 70
115000 86
115000 93
116000 109
116000 89
116000 71
116000 122
116000 70
116600 104
199000 128
117000 82
117000 113
117000 77
117000 86
117000 90
117700 102
118000 69
118000 107
118000 74
118800 59
119000 96
119000 82
119000 114
39500 54
119000 98
119000 95
119000 100
119000 118
119000 110
119000 120
119000 95
119500 79
119500 133
120000 109
120000 60
120000 88
120000 120
199000 125
120000 150
120000 118
120000 88
120000 120
121000 82
121000 80
122000 110
122000 86
122000 120
122500 71
123000 75
123000 98
123000 85
39500 54
124000 100
125000 127
125000 70
125000 119
125000 116
125000 158
125000 116
125000 54
125000 64
125000 117
125000 95
127000 135
127000 112
199000 128
127000 112
127000 43
128000 107
129000 126
129000 64
129000 116
129000 112
129000 87
129000 74
129000 87
129000 80
129000 107
199000 128
129000 107
129000 79
130000 50
130000 85
130000 80
130000 160
130000 50
130000 98
130000 98
131000 100
131000 119
132000 72
135000 49
199000 125
135000 113
135000 80
135000 47
135000 111
135000 71
135000 95
135000 48
135000 110
136000 136
136500 118
137000 117
138000 100
199000 125
138000 133
138000 133
139000 87
139000 98
139000 133
139000 82
139000 98
139000 115
139000 110
139000 138
139000 77
139000 96
139000 109
199000 128
139000 109
139000 66
139000 115
139000 96
139500 102
139600 95
139900 140
140000 122
140000 115
140000 140
142000 105
142700 92
143000 100
39500 54
144000 117
144000 132
144000 142
145000 144
145000 57
147500 86
148000 51
148000 98
148000 43
148000 70
149000 123
149000 125
39500 54
149000 125
149000 88
149000 105
149000 119
149000 148
149000 126
149000 87
149000 85
149000 82
150000 100
150000 135
150000 99
150000 105
199000 125
150000 102
150000 109
150000 105
150000 96
151900 97
153000 74
153900 107
154000 102
154000 120
154400 104
154400 104
155000 185
155000 120
39500 54
156000 91
156000 113
156000 162
156000 127
158000 100
159000 157
159000 149
159000 89
159000 80
159000 80
160000 63
160000 228
199000 125
160000 228
160000 157
160000 62
162000 120
163000 111
163000 101
164000 110
165000 112
165000 89
165000 100
165000 100
165000 113
165000 94
39500 54
165000 100
165100 113
166000 125
166000 125
166000 108
167000 132
167200 99
168000 111
168000 97
168500 100
169000 81
169000 106
169000 233
199000 128
169000 370
169000 233
169000 81
169000 165
169000 127
169000 95
169500 98
169900 137
169900 170
170000 131
170000 75
170000 175
170000 141
199000 128
170000 131
170000 75
170500 128
171000 88
172000 102
172000 85
175000 102
175000 88
175000 210
175000 146
175000 82
175000 100
175000 65
39500 54
175000 82
175000 100
177000 90
177000 86
179000 128
179000 160
179000 110
179000 122
179000 122
179000 194
179500 121
179900 139
180000 84
39500 54
180000 84
180000 177
180000 85
180000 92
180000 140
180000 57
180700 120
182000 160
182000 88
182000 233
184000 191
185000 100
185000 108
199000 128
185000 70
185000 154
185000 88
185000 108
185000 163
186000 150
187000 135
187000 97
189000 137
189000 89
189000 56
189000 130
189000 137
199000 128
189000 92
189000 112
189000 138
189000 100
189000 125
190000 130
190000 194
190000 140
190000 150
190000 160
190000 160
190000 160
190302 160
199000 125
191000 130
193000 170
193000 117
194000 180
194000 100
194000 170
194040 84
195000 140
195000 90
195000 180
196000 76
196000 130
196000 110
199000 125
197000 140
198000 88
198000 145
198000 130
199000 128
199000 158
199000 169
199000 73
199000 194
199000 170
199000 169
199000 90
199000 169
199000 125
199000 90
200000 79
200000 240
205000 110
207000 160
208000 80
209000 98
209000 75
209000 98
209000 90
209000 98
209000 98
209000 97
199000 125
209000 72
210000 143
210000 200
210000 520
214000 125
215000 150
215000 100
219000 500
219000 123
219000 187
219000 110
219000 175
220000 174
199000 128
220000 174
220000 94
220000 175
220000 94
220000 92
220000 150
222000 115
225000 189
225000 240
225000 150
225000 123
225000 123
225000 124
199000 125
227000 148
229000 143
229000 115
229000 116
230000 151
230000 116
230000 160
231000 143
231000 74
231000 157
233500 153
234000 283
199000 125
235000 150
235000 180
235000 94
239000 90
239000 137
239000 86
239000 148
239000 153
239000 153
239000 85
239000 143
239000 153
199000 125
240000 144
240000 121
241500 91
244000 127
245000 127
246000 170
246000 169
248000 164
249000 87
249000 93
249000 180
249000 190
199000 125
249000 117
249000 138
250000 149
250000 160
250000 235
250000 123
255000 123
259000 91
260000 155
260000 160
260000 180
262000 145
269000 170
39500 54
270000 231
270000 183
270000 155
270000 120
272000 200
279000 101
279000 101
280000 147
280000 283
280000 222
280000 196
280000 283
282000 173
39500 54
283000 170
283000 160
284000 220
285000 260
285000 100
288000 170
289000 133
294000 145
294000 224
295000 153
295000 170
295000 230
39500 54
299000 194
299000 133
299000 130
299000 300
299000 292
299000 140
299000 128
299000 292
299000 123
299000 180
310000 114
315000 290
315000 143
39500 54
315000 143
318000 300
318000 380
319000 115
325000 220
325000 127
325000 253
325000 254
325000 192
327000 300
329000 138
329000 300
39500 54
330000 240
330000 170
330000 240
330000 239
330000 252
332500 170
336000 160
336000 191
345000 155
346000 200
346500 220
349000 200
358000 89
39500 54
364000 96
368100 120
369000 251
369000 250
375000 165
378000 260
379000 244
380000 300
380000 220
380000 263
380000 380
390000 200
390000 600
199000 125
399000 300
399000 180
399000 338
419000 260
419000 195
430000 320
440000 400
445000 105
450000 153
450000 300
450000 300
450000 230
199000 125
450000 420
450000 195
460000 372
475000 294
479000 185
479000 190
479900 180
490000 220
495000 183
495000 340
495000 340
495000 340
495000 176
39500 54
499000 300
500000 206
509000 125
533000 126
549000 240
550000 350
580000 213
590000 190
590000 314
592000 330
610000 300
39500 54
685000 365
690000 330
690000 345
690000 345
690000 345
735000 330
1500000 430
