410 annonces au total
Prix moyen au m²: 29€
Prix Surface
333 25
269 13
280 9
280 20
290 11
290 11
295 9
305 26
310 11
315 13
315 11
315 15
320 14
325 19
329 24
330 13
330 10
331 24
333 25
345 14
350 16
350 11
359 19
360 16
360 17
360 20
361 27
363 22
364 22
366 27
369 14
370 14
370 20
370 17
370 20
376 15
376 22
380 19
380 11
380 30
381 22
382 22
390 18
390 22
390 17
390 16
390 20
390 19
393 24
395 19
395 24
395 22
397 20
400 29
400 20
400 18
400 18
400 22
400 17
402 24
405 16
405 18
405 18
405 18
405 18
405 24
405 18
405 18
408 15
409 30
410 20
410 18
410 18
410 18
410 15
410 19
411 23
411 23
414 22
415 17
415 21
420 21
420 18
420 23
420 25
421 32
422 13
423 18
424 26
424 21
425 19
425 32
425 24
425 30
428 17
428 28
428 22
430 27
430 24
430 26
430 25
430 31
430 20
434 31
435 20
435 28
435 18
440 21
440 18
440 21
442 36
445 24
445 30
450 23
450 35
450 32
450 31
450 14
450 14
450 22
450 20
450 23
452 24
454 25
455 23
455 26
455 35
460 24
460 24
460 22
460 20
460 23
460 25
460 22
460 20
462 20
463 31
465 27
465 23
468 22
470 23
470 38
470 26
470 30
470 32
470 20
475 26
475 30
476 35
480 27
480 32
480 32
480 25
480 38
480 32
485 35
490 26
490 26
495 28
495 35
495 22
496 35
496 35
497 25
497 39
500 36
500 28
500 31
500 28
500 35
502 35
503 35
505 32
505 25
510 50
510 36
510 30
510 18
510 33
511 68
515 26
515 32
517 40
518 46
520 43
520 41
520 37
523 35
525 31
528 39
528 43
530 20
530 24
530 36
530 42
530 24
530 34
535 26
535 37
535 33
536 44
537 40
538 43
540 50
540 33
540 48
540 36
542 40
545 47
550 43
550 28
550 39
550 58
550 32
550 47
550 26
550 55
550 42
550 26
550 36
552 34
555 46
557 33
559 45
560 41
560 32
560 42
560 48
560 44
563 50
564 37
565 43
565 52
565 36
565 33
567 42
568 43
570 43
570 44
570 69
570 48
571 42
572 45
580 49
580 30
580 45
580 51
583 44
584 46
584 50
590 42
590 33
590 49
591 50
593 42
595 59
595 52
598 61
600 46
600 34
600 46
600 42
602 50
609 52
610 59
610 51
610 49
610 56
610 60
610 43
615 66
617 32
620 34
620 54
620 58
620 51
620 50
620 54
620 48
620 53
622 57
623 53
625 54
625 46
625 59
625 59
625 54
626 49
630 59
630 40
636 53
640 50
640 32
645 72
645 56
650 61
650 52
650 63
655 64
660 55
660 55
662 63
666 59
668 67
670 89
670 63
670 45
670 68
675 72
680 51
680 66
680 70
680 37
680 63
690 71
690 73
690 54
695 66
695 60
695 64
695 53
695 54
695 54
695 66
695 70
700 60
700 45
700 68
700 65
703 58
710 62
710 50
710 57
715 70
720 74
720 55
725 50
727 67
730 69
730 60
735 58
750 64
750 60
750 64
750 65
750 83
750 66
750 69
755 63
760 66
767 48
770 65
770 65
771 66
775 75
775 58
780 60
785 70
788 73
790 63
790 72
790 71
790 69
790 68
795 55
795 78
800 72
800 76
800 64
800 60
814 64
818 58
825 62
825 96
825 61
829 65
840 92
840 88
845 80
850 77
850 70
854 93
860 58
890 86
890 100
900 96
900 110
900 97
900 105
900 72
900 111
900 110
933 87
950 77
950 97
950 91
959 90
962 98
967 74
980 97
991 84
1020 100
1050 87
1058 82
1120 71
1158 192
1250 96
1300 110
1300 117
283000 95
