326 annonces au total
Prix moyen au m²: 12€
Prix Surface
222 12
256 17
275 14
275 14
279 20
290 15
290 11
295 20
300 20
300 16
300 16
306 20
306 14
313 22
313 19
315 14
315 17
315 14
316 23
317 20
320 24
320 15
325 21
325 20
325 13
325 18
328 22
330 16
330 18
330 26
335 15
337 16
340 20
340 11
340 18
342 20
342 18
349 18
350 20
350 19
350 23
350 16
350 27
350 26
350 21
350 20
350 16
353 25
354 23
354 30
355 21
356 25
358 17
360 20
360 18
360 15
360 22
360 23
360 16
360 22
361 21
365 16
365 21
365 32
365 28
366 20
367 18
370 29
370 21
370 29
370 16
370 26
370 25
371 30
373 28
374 27
375 29
375 28
375 29
375 28
375 18
375 26
375 18
375 24
375 31
377 19
378 25
379 37
380 22
380 28
380 18
380 19
380 27
380 29
382 20
383 29
385 19
385 22
385 25
385 32
387 27
388 30
388 30
390 25
390 33
390 11
392 24
395 26
395 25
395 17
395 24
396 37
396 29
397 42
399 24
400 31
400 32
400 32
400 34
401 30
402 35
402 26
402 25
404 33
407 12
409 35
409 24
410 30
410 35
411 35
413 21
415 27
416 30
420 28
420 39
420 34
420 24
422 31
422 33
426 27
428 43
429 32
430 29
430 35
435 24
436 36
439 27
440 45
440 32
440 22
440 16
441 33
445 51
447 31
448 38
449 29
455 43
455 45
456 21
458 32
460 32
460 42
470 33
470 27
474 42
475 40
475 35
477 25
480 58
480 58
480 36
480 35
484 47
485 50
486 50
495 44
495 45
498 40
498 52
500 55
500 51
502 49
504 63
507 46
510 41
512 48
515 44
515 49
520 40
520 53
524 46
524 27
525 44
530 48
535 38
540 50
540 74
540 36
540 32
544 47
544 55
545 42
545 38
550 46
550 45
552 45
554 50
555 46
555 54
559 50
560 32
560 42
565 42
570 40
570 46
571 54
571 55
573 42
578 62
580 60
580 45
580 45
585 62
585 59
586 64
588 48
590 62
590 59
590 65
590 62
590 38
590 45
590 34
594 62
594 53
595 60
595 56
596 55
597 60
599 68
600 48
601 43
610 57
612 60
612 56
615 36
618 60
620 60
622 61
625 64
630 63
630 56
630 68
633 57
635 62
636 55
640 54
640 69
642 72
644 52
645 56
648 72
650 62
650 43
650 64
650 47
650 55
655 64
659 34
659 70
659 69
660 49
660 49
662 71
670 70
678 63
680 52
680 72
685 62
685 50
687 70
690 80
690 64
691 84
694 75
695 70
695 80
700 56
700 65
700 73
700 70
700 60
702 70
705 57
710 92
720 58
728 62
732 63
750 78
755 50
757 70
757 81
777 69
780 90
792 86
795 90
799 60
803 80
830 75
835 79
850 76
861 84
890 113
895 100
935 122
955 83
960 90
969 92
980 85
1155 104
1189 120
1285 129
1288 114
1338 125
1430 105
1536 89
