1025 annonces au total
Prix moyen au m²: 13€
Prix Surface
620 49
230 12
230 14
235 16
240 9
242 13
250 11
255 18
259 12
260 18
262 13
267 13
270 12
270 18
600 47
270 20
271 14
274 12
275 18
277 22
280 10
283 30
285 11
291 14
294 13
295 14
295 28
295 10
380 23
295 16
298 14
300 19
300 16
300 13
305 20
305 19
310 16
315 13
316 13
318 17
319 15
320 21
280 10
320 12
320 18
320 22
320 35
322 19
324 19
325 17
325 21
325 14
328 23
330 21
330 18
330 23
610 56
330 23
330 18
330 14
330 18
330 18
332 18
333 19
333 17
335 18
335 15
336 17
338 16
338 19
390 18
340 20
340 15
340 15
340 16
340 14
340 19
341 19
342 19
342 25
342 16
344 20
344 15
345 23
425 22
345 15
345 19
345 27
345 19
345 12
345 17
345 18
346 18
346 17
347 25
348 18
350 15
350 21
355 19
350 20
350 17
350 18
350 20
350 20
350 21
350 16
350 19
350 19
350 18
351 26
351 22
355 19
354 15
354 18
355 20
355 22
355 14
355 21
355 20
355 28
355 18
357 16
357 17
357 17
358 28
380 23
358 28
359 28
360 20
360 21
361 18
362 27
362 18
362 19
364 18
365 27
365 30
365 20
365 15
330 14
367 24
367 18
368 25
369 19
370 20
370 22
370 11
370 20
370 33
370 18
370 19
370 21
370 18
600 47
370 18
370 13
370 18
371 20
372 35
373 24
373 24
374 22
375 18
375 28
375 24
375 20
375 25
610 56
375 22
376 27
376 18
376 21
377 25
377 18
377 22
377 19
377 26
378 22
378 24
379 19
380 17
330 14
380 23
380 15
380 12
383 20
383 30
383 24
383 26
384 18
384 20
385 25
385 18
385 17
385 19
280 10
385 19
385 22
386 18
386 16
386 21
386 21
386 23
389 18
389 21
389 20
390 20
390 27
390 18
355 20
390 27
390 18
390 29
390 19
390 18
390 25
390 20
391 26
392 18
393 18
393 18
393 19
393 27
355 20
394 18
394 19
395 30
395 32
395 19
395 26
395 22
395 15
395 24
395 21
395 33
395 26
395 18
355 20
395 18
395 29
395 23
395 28
395 20
397 21
398 25
398 18
398 30
399 20
399 28
399 27
399 24
390 18
399 29
400 20
400 14
400 25
400 27
400 18
400 25
400 18
400 28
400 25
400 15
400 27
400 25
560 44
400 23
400 27
400 29
400 28
400 30
400 13
400 26
400 13
401 33
401 26
403 29
403 21
403 23
425 22
404 30
405 20
405 20
405 23
405 25
405 29
407 19
407 24
407 35
408 22
408 18
409 34
410 25
298 14
410 15
410 27
412 26
413 26
413 18
415 16
415 20
415 20
415 25
415 29
415 30
390 18
415 22
415 35
415 21
418 28
418 28
419 25
419 33
419 32
420 25
420 30
420 15
420 30
420 31
390 18
420 27
420 30
420 17
420 20
422 38
423 16
425 29
425 22
425 21
425 16
425 31
425 21
426 24
425 22
427 31
427 30
428 27
428 23
429 31
430 19
430 30
430 24
430 16
430 24
430 30
430 24
430 23
560 44
430 23
430 28
432 23
433 25
435 27
435 28
435 25
436 34
437 27
438 40
438 40
439 36
600 47
440 26
440 35
440 18
440 17
440 20
440 17
440 30
440 26
440 18
443 31
444 32
445 28
380 23
445 31
445 23
445 25
445 21
447 26
450 32
450 37
450 36
450 38
450 22
450 28
450 32
450 22
380 23
450 36
450 34
450 26
450 29
452 32
452 30
452 33
454 25
454 21
454 30
455 41
455 31
455 32
355 19
455 32
455 27
455 21
455 31
455 27
455 24
455 34
457 39
457 36
458 31
458 32
460 25
460 37
298 14
460 25
460 37
460 32
460 23
460 32
460 33
460 38
461 28
462 26
462 40
462 40
463 21
463 35
280 10
465 45
465 32
465 25
466 34
466 33
468 33
469 22
470 30
470 42
470 19
470 33
470 31
470 27
298 14
470 22
470 42
470 16
470 43
470 36
471 27
471 35
472 42
472 33
473 30
475 25
475 34
295 16
477 26
478 33
478 22
478 48
478 30
479 64
479 43
479 30
480 24
480 40
480 33
480 40
480 36
355 19
480 34
480 29
483 42
483 40
483 29
485 20
485 54
487 30
488 48
489 51
490 42
490 20
490 22
600 47
490 22
490 37
490 34
490 33
490 34
490 30
490 44
490 33
492 36
493 34
495 33
495 30
425 22
495 33
495 25
495 32
495 26
495 29
495 42
496 37
496 36
497 37
498 31
499 23
499 35
499 42
280 10
499 30
500 29
500 38
500 36
500 31
500 40
500 43
500 41
500 38
500 38
500 36
503 38
503 43
380 23
504 32
505 32
505 42
505 44
508 37
510 45
510 35
510 43
510 36
510 37
510 30
510 46
512 30
600 47
512 30
512 46
513 31
514 40
515 38
515 51
515 36
515 39
515 31
516 45
517 33
518 44
520 34
425 22
520 43
520 42
520 53
520 14
520 34
520 41
520 41
520 56
520 33
520 25
521 47
523 36
524 42
560 44
524 32
524 42
525 43
525 51
525 45
525 46
525 39
527 40
529 44
530 44
530 47
530 50
530 61
295 16
530 45
530 51
531 30
532 43
533 38
534 41
535 38
535 59
536 51
536 47
537 43
537 39
295 16
540 45
540 53
540 40
540 36
540 45
540 42
540 32
540 37
542 32
542 30
543 50
544 58
544 32
330 14
544 40
545 46
545 40
547 40
547 38
547 63
547 39
550 56
550 60
550 46
550 37
550 64
550 59
330 14
550 58
550 38
550 53
550 64
550 37
550 44
550 59
550 58
550 36
550 37
550 40
550 38
550 46
295 16
550 46
550 22
554 44
554 48
555 36
555 47
555 48
555 67
555 46
558 46
560 53
560 52
560 45
600 47
560 52
560 33
560 45
560 31
560 42
560 48
560 44
560 49
560 45
560 42
561 61
561 52
562 42
298 14
563 50
565 57
565 42
565 66
566 40
566 39
568 28
570 55
570 39
571 40
573 43
575 48
575 44
390 18
578 32
580 54
580 43
580 48
580 38
580 43
583 40
585 63
585 65
585 79
585 51
586 50
586 62
390 18
587 50
587 49
588 80
590 49
590 44
590 46
590 30
591 59
591 39
595 40
595 37
595 60
595 52
295 16
595 30
595 52
595 40
595 57
595 49
595 32
595 56
596 36
598 66
599 56
600 58
600 50
600 47
280 10
600 50
600 47
600 57
600 53
600 50
602 70
608 46
609 62
610 58
610 45
610 56
610 47
610 55
425 22
613 59
615 50
615 53
615 57
618 58
619 38
620 49
620 61
620 38
620 42
620 39
620 67
355 19
620 49
623 60
623 60
625 53
625 59
625 46
626 52
628 52
630 46
630 52
630 50
633 45
425 22
633 40
635 49
635 54
635 66
635 55
637 50
640 41
640 65
640 55
640 45
640 67
641 44
425 22
642 48
643 50
644 74
644 72
644 55
645 68
645 46
645 64
645 59
645 41
648 53
649 57
650 69
600 47
650 69
650 65
650 60
650 29
650 58
650 52
650 52
650 56
650 96
650 45
652 85
653 56
610 56
655 59
655 57
658 66
660 61
660 30
660 60
660 50
663 75
664 60
665 65
665 79
665 33
666 59
600 47
666 58
667 57
667 65
667 55
668 70
668 60
669 51
670 45
670 59
670 80
670 54
670 77
670 72
600 47
670 56
672 71
673 57
674 65
675 53
675 57
675 60
675 56
675 73
680 55
680 66
680 69
680 44
495 33
680 68
680 53
680 69
680 77
681 67
684 68
685 51
685 75
685 66
685 60
685 70
687 85
687 59
330 14
689 82
690 65
690 76
690 59
690 77
690 69
694 63
695 64
695 70
695 59
697 62
699 52
610 56
699 52
699 53
700 56
700 75
700 67
700 70
700 79
700 67
700 50
700 54
700 66
701 89
705 57
560 44
708 72
710 78
710 44
710 60
711 60
712 67
712 64
713 56
714 68
715 62
715 80
715 72
716 56
610 56
717 67
719 56
720 51
720 87
720 88
720 53
720 76
723 69
725 82
725 75
728 70
728 71
610 56
740 51
740 88
740 73
748 76
750 82
750 76
750 67
750 47
750 69
750 62
750 62
298 14
750 68
754 75
755 73
760 66
761 66
763 77
765 80
765 92
766 62
767 61
770 68
775 84
775 78
610 56
775 67
775 75
780 57
780 66
785 76
785 65
786 73
787 86
789 69
790 80
792 87
795 57
800 80
355 19
800 69
806 78
809 73
810 74
815 72
820 65
822 75
840 76
842 79
849 73
850 80
850 55
355 20
853 87
856 87
856 100
862 73
870 98
874 82
878 84
880 71
881 87
890 100
893 85
894 86
895 103
355 20
895 103
895 98
895 104
905 64
906 88
925 94
937 80
949 80
965 92
970 82
985 45
995 137
355 20
1000 32
1000 103
1005 126
1016 113
1020 137
1020 32
1020 106
1067 124
1100 108
1100 113
1190 91
1190 45
1200 109
495 33
1293 129
1293 128
1300 44
1350 50
1390 44
1400 44
1430 50
1450 42
1480 49
1480 50
1480 50
1490 43
1500 270
298 14
1510 44
1530 46
1560 53
1600 50
1950 119
2868 251
