166 annonces au total
Prix moyen au m²: 22€
Prix Surface
700 36
385 20
420 17
425 20
440 21
460 17
475 16
496 25
498 19
500 33
504 27
505 28
510 20
519 25
1450 61
520 20
534 36
540 25
540 26
540 27
545 30
550 17
550 19
550 19
550 22
555 24
560 25
570 36
1450 61
570 36
575 35
587 30
590 24
590 25
590 24
600 25
600 29
600 28
600 16
600 20
600 31
600 28
1450 61
600 20
600 24
606 26
630 44
630 20
630 32
630 24
650 26
650 26
650 25
656 31
667 30
668 25
1450 61
680 29
680 30
690 20
690 29
690 35
692 30
700 34
700 36
700 35
700 40
700 45
700 36
700 36
1450 61
700 40
709 28
709 28
710 30
714 48
715 45
731 36
750 47
750 29
750 50
750 37
754 41
757 44
1450 61
780 57
780 39
790 35
790 38
798 39
799 37
800 59
825 43
830 35
837 65
840 54
840 47
850 73
1450 61
850 50
850 48
855 50
860 40
870 49
875 50
887 39
887 36
890 44
890 60
900 35
900 65
900 63
1450 61
920 44
935 44
945 42
950 39
970 50
981 41
990 69
998 49
1000 56
1000 46
1020 56
1086 49
1090 63
1450 61
1100 48
1150 51
1190 74
1200 50
1200 69
1250 51
1270 62
1300 60
1300 54
1300 38
1300 69
1390 74
1419 72
1450 61
1449 84
1450 49
1500 72
1500 70
1580 80
1600 49
1900 90
1900 74
2000 95
2000 93
2150 90
2180 120
2247 90
1450 61
2400 84
2500 87
2500 82
2900 120
2950 113
3005 120
3500 136
3850 135
4000 192
5500 110
6300 190
