903 annonces au total
Prix moyen au m²: 11€
Prix Surface
925 101
245 17
245 14
250 15
259 13
266 14
268 12
270 12
280 17
290 19
291 14
295 32
295 22
295 18
490 53
300 20
300 16
300 27
300 16
300 25
305 17
305 16
305 20
305 20
305 19
310 21
310 18
310 18
490 53
315 17
320 28
320 20
320 29
320 13
320 32
320 32
320 23
320 28
320 22
322 27
325 22
325 18
490 53
325 20
330 21
330 23
330 23
330 15
330 25
330 20
330 31
330 19
335 27
335 26
335 26
335 21
490 53
336 22
337 20
338 25
338 27
338 19
340 27
340 25
340 20
340 25
340 21
340 13
340 23
341 20
490 53
344 21
344 21
345 22
345 22
345 18
345 28
345 18
345 18
348 19
350 22
350 22
350 17
350 28
490 53
350 23
350 20
350 28
350 24
350 21
350 18
350 20
352 21
355 33
355 20
355 20
355 19
356 18
490 53
356 27
357 21
357 17
357 20
358 20
360 22
360 22
360 32
360 22
360 23
360 20
360 24
360 18
490 53
360 23
361 20
362 22
365 22
365 24
365 30
365 25
365 23
365 24
366 18
367 30
367 24
368 22
490 53
368 23
369 22
369 42
370 18
370 33
370 28
370 29
370 21
370 24
370 25
370 19
370 33
370 27
490 53
370 33
370 40
370 150
370 23
370 27
370 26
370 34
370 30
374 15
375 30
375 27
375 24
375 25
490 53
375 30
375 19
375 19
375 18
376 18
377 31
378 22
378 33
378 21
380 28
380 24
380 28
380 28
490 53
380 27
380 22
380 29
380 22
380 26
380 35
381 23
383 40
385 20
385 19
385 25
385 34
388 20
490 53
389 30
390 35
390 31
390 24
390 26
390 31
390 25
390 30
390 35
391 30
391 28
392 24
392 30
490 53
393 22
395 25
395 23
395 35
395 26
395 58
397 32
397 29
398 28
399 23
400 27
400 26
400 45
490 53
400 32
400 26
400 45
400 27
400 40
400 24
400 32
403 34
403 30
403 30
405 26
405 22
405 26
490 53
405 27
405 26
405 28
405 48
406 17
406 29
408 26
408 24
410 22
410 29
410 31
410 22
410 35
490 53
410 31
410 44
410 42
410 37
410 34
410 30
410 30
410 33
411 31
411 30
412 29
412 26
413 30
490 53
414 32
415 26
415 27
417 33
418 29
418 16
418 28
419 32
419 16
419 31
420 26
420 29
420 42
490 53
420 26
420 32
420 22
420 39
420 39
420 31
420 37
420 27
420 26
420 43
420 21
420 31
420 42
490 53
420 26
420 27
420 27
422 25
424 34
424 30
424 23
425 32
425 34
425 26
426 43
430 34
430 40
490 53
430 28
430 40
430 34
430 30
430 40
430 32
430 28
430 48
430 32
431 34
432 33
433 31
434 30
490 53
435 27
435 25
435 27
436 30
436 33
438 35
439 35
440 31
440 30
440 33
440 40
440 30
440 41
490 53
440 37
440 41
440 33
440 33
442 39
445 41
445 38
445 40
445 23
445 37
445 28
445 30
446 29
490 53
448 35
449 33
449 41
450 25
450 29
450 40
450 22
450 20
450 30
450 35
450 28
450 42
450 33
490 53
450 22
450 42
450 35
450 47
450 51
454 27
455 32
455 31
455 48
455 32
457 28
457 40
460 35
490 53
460 43
460 35
460 34
460 30
460 45
460 27
460 39
460 35
460 30
460 45
460 32
462 35
463 40
490 53
465 30
465 34
465 42
465 36
465 26
469 46
469 45
470 39
470 33
470 30
470 44
470 41
470 36
490 53
470 39
470 34
470 36
471 67
472 27
475 42
475 38
475 36
475 39
475 44
480 26
480 46
480 29
490 53
480 52
480 48
480 34
480 48
483 60
485 21
485 28
485 30
485 29
485 54
487 45
490 40
490 38
490 53
490 45
490 65
490 40
490 38
490 42
490 32
490 48
490 24
490 40
490 39
491 38
491 43
491 69
490 53
492 40
492 42
493 52
494 41
494 35
494 34
494 43
495 35
495 71
495 48
495 65
495 63
495 50
490 53
495 39
495 39
495 37
495 50
495 56
495 40
495 55
498 55
498 54
500 62
500 50
500 39
500 37
490 53
500 48
500 45
500 47
500 36
500 52
500 39
500 48
500 35
500 44
503 41
503 40
504 42
504 40
490 53
505 40
505 41
506 63
506 39
507 41
507 41
510 41
510 50
510 45
510 56
510 46
510 38
510 24
490 53
510 56
510 38
510 55
510 35
510 68
510 24
511 59
511 46
515 39
515 64
515 34
515 57
515 50
490 53
515 76
515 50
515 34
515 41
515 40
518 37
518 58
520 49
520 48
520 62
520 30
520 43
520 50
490 53
520 59
520 53
520 62
524 44
525 47
525 50
525 34
525 40
525 43
525 42
526 47
530 51
530 42
490 53
530 51
530 51
530 36
530 42
530 41
530 45
530 45
530 59
532 37
534 46
535 57
535 48
535 54
490 53
537 56
537 40
540 54
540 69
540 51
540 54
540 43
540 45
542 51
542 39
543 47
545 42
545 40
490 53
547 48
547 72
547 59
547 45
548 61
549 61
550 48
550 60
550 61
550 65
550 55
550 48
550 58
490 53
550 55
550 46
551 39
552 52
553 49
553 47
555 45
555 46
555 41
556 40
556 46
560 40
560 42
490 53
561 39
562 74
564 42
565 55
565 41
565 48
565 68
567 42
567 70
567 42
567 57
570 43
570 40
490 53
570 50
570 31
570 45
570 47
570 36
570 43
570 56
570 60
570 40
572 37
573 43
575 37
575 54
490 53
575 43
575 54
575 54
575 65
575 65
575 41
576 66
577 65
580 52
580 65
580 71
580 82
580 56
490 53
580 68
580 65
580 56
580 60
581 57
581 50
582 57
584 73
585 46
585 59
587 44
588 48
590 84
490 53
590 58
590 57
590 70
590 84
590 56
591 40
592 68
592 53
595 54
595 74
595 65
595 65
595 77
490 53
595 65
599 61
599 61
599 68
600 41
600 52
600 63
600 55
600 73
600 60
600 75
600 77
600 66
490 53
600 94
600 41
605 55
606 72
607 62
607 67
608 60
610 68
610 68
610 62
615 55
615 55
618 69
490 53
619 52
620 52
620 45
620 69
620 45
620 69
620 44
625 55
625 73
625 44
625 68
625 48
625 63
490 53
625 44
625 67
625 74
626 73
630 58
630 64
630 52
632 81
632 74
634 63
635 70
635 85
636 57
490 53
637 63
640 65
640 70
640 63
640 63
640 61
640 69
650 63
650 60
650 62
650 67
650 83
650 75
490 53
650 51
650 69
650 73
650 67
650 60
650 56
653 58
655 56
655 56
655 59
660 78
660 63
660 63
490 53
664 67
665 60
665 69
666 64
668 63
670 64
670 65
670 62
671 58
673 55
675 73
680 78
680 61
490 53
680 57
680 71
680 40
680 72
682 66
684 63
685 65
685 71
685 56
690 71
690 57
690 58
690 60
490 53
690 60
690 59
691 80
695 67
695 72
695 71
696 72
697 84
699 65
700 71
700 67
700 76
700 84
490 53
700 61
700 84
700 71
704 63
705 66
705 69
705 77
710 80
715 59
717 68
720 41
720 65
490 53
720 70
720 62
720 72
725 71
727 63
730 75
730 85
730 60
730 65
737 84
740 92
745 63
745 68
490 53
748 67
750 71
750 120
750 67
755 62
755 100
755 69
760 82
760 70
764 73
765 90
771 70
775 73
490 53
778 67
780 80
780 68
780 82
790 111
790 78
795 100
800 82
800 127
803 80
805 87
816 83
825 82
490 53
825 82
830 68
835 93
837 92
840 75
840 70
848 84
848 76
850 73
850 82
857 78
866 113
868 78
490 53
870 85
871 95
873 85
875 90
884 82
896 90
898 110
900 91
900 130
900 127
916 71
920 85
925 101
490 53
930 71
930 97
940 82
950 72
951 94
972 117
995 107
1000 61
1000 110
1020 97
1040 109
1090 98
1100 93
490 53
1150 88
1180 133
1190 124
1200 146
1221 157
1240 112
1260 105
1269 137
1300 80
1320 125
1321 135
1322 136
1350 112
490 53
1351 161
1468 157
1583 121
1600 124
1820 172
1864 168
2220 172
