1072 annonces au total
Prix moyen au m²: 12€
Prix Surface
462 19
230 10
264 21
275 10
280 10
283 13
284 16
285 17
288 14
290 16
293 14
299 13
300 12
300 12
425 28
300 15
303 12
303 23
305 33
305 18
310 18
311 16
311 14
314 18
320 17
324 15
325 12
328 19
627 57
328 15
330 14
330 10
330 14
330 25
335 19
335 21
338 23
338 17
338 18
340 16
340 30
343 20
452 39
343 15
347 16
347 15
348 20
350 13
350 13
350 17
350 20
350 18
350 20
350 18
351 21
354 12
582 48
354 30
354 12
355 12
355 16
355 30
356 20
356 18
357 17
358 23
359 17
359 11
360 22
360 17
582 48
360 31
362 14
364 56
367 19
370 28
371 18
375 18
375 20
375 12
377 17
377 13
380 22
380 17
425 28
380 18
380 17
380 10
380 22
381 13
383 24
384 28
385 19
385 25
385 20
385 12
388 23
389 23
452 39
390 12
390 25
390 14
390 21
393 22
394 25
395 18
395 25
397 24
397 22
398 19
398 25
398 29
724 66
398 29
398 20
399 18
399 28
399 32
399 19
400 20
400 20
400 21
400 23
400 20
400 19
400 19
425 28
400 23
400 31
400 35
400 25
400 20
400 14
401 20
401 30
402 16
403 23
403 21
403 26
724 66
404 27
404 29
404 17
405 35
405 21
405 25
409 23
409 20
410 20
410 25
410 50
412 46
412 27
689 63
413 22
414 30
415 35
416 20
416 24
416 25
417 20
420 19
420 29
420 24
420 27
421 38
422 29
582 48
423 31
425 23
425 26
425 28
425 28
425 34
425 29
426 19
427 24
428 31
429 35
429 32
429 31
452 39
430 20
430 21
430 35
431 20
432 30
433 25
434 28
434 25
435 35
435 28
436 18
437 37
437 14
727 53
439 29
439 27
439 22
439 33
440 35
440 43
440 25
440 34
440 24
440 17
441 16
442 18
442 27
727 53
442 29
443 31
443 36
443 31
443 23
444 36
444 32
444 26
445 22
445 24
445 32
445 26
446 32
689 63
447 20
447 31
448 22
449 31
449 27
449 27
450 34
450 42
450 32
450 21
450 30
450 33
450 38
689 63
450 26
450 14
450 40
451 34
452 39
452 24
453 29
454 26
455 21
456 28
457 35
457 21
457 25
627 57
458 35
459 29
459 18
460 28
460 37
460 35
460 31
461 33
462 19
462 34
462 22
462 27
463 34
641 53
464 26
464 26
465 29
465 35
467 22
467 30
467 32
468 30
470 22
470 53
470 37
471 30
471 20
582 48
472 25
472 21
474 28
474 16
474 26
475 40
475 30
475 23
475 38
475 22
476 35
476 25
477 25
747 70
477 20
478 34
478 31
479 41
479 24
480 84
480 28
480 36
480 36
482 31
482 23
483 45
483 38
582 48
484 27
484 31
485 48
485 27
485 20
485 33
485 37
487 32
488 32
489 49
489 50
490 27
490 26
582 48
490 26
490 32
490 17
490 27
490 41
490 51
490 45
493 28
494 50
494 35
494 23
494 34
494 39
627 57
495 60
495 37
495 39
495 24
496 32
496 29
496 44
497 40
498 37
499 41
499 42
499 39
499 50
689 63
499 22
500 17
500 50
500 30
500 50
500 34
500 34
501 18
503 35
504 40
504 61
505 46
505 31
425 28
508 40
508 26
510 35
510 42
510 38
510 35
512 51
512 37
513 52
515 32
515 43
515 47
515 42
727 53
515 47
515 39
516 33
516 36
517 40
518 33
518 32
519 52
520 34
520 37
520 28
521 30
522 36
724 66
522 45
522 28
525 28
527 40
528 31
528 38
529 61
530 60
530 54
530 30
532 37
535 58
535 33
727 53
535 33
535 30
535 35
539 25
540 30
540 33
540 40
540 33
542 48
543 49
543 56
544 56
544 41
641 53
544 37
545 43
545 56
545 43
545 48
546 48
547 44
547 58
549 41
549 35
549 44
549 51
550 57
641 53
550 40
550 16
550 39
550 38
550 33
550 46
550 54
550 49
550 43
550 53
550 26
550 40
550 34
724 66
550 55
552 36
553 48
553 49
554 43
554 68
555 24
555 49
555 52
555 51
555 58
555 55
556 33
627 57
556 46
556 44
558 55
558 53
559 33
559 32
560 59
560 41
560 40
560 41
560 36
560 31
560 25
727 53
561 37
562 45
562 49
562 30
562 45
563 59
563 58
564 48
564 41
564 35
565 43
565 31
565 49
727 53
565 43
566 52
567 36
568 43
570 34
570 26
570 45
570 41
570 70
570 33
570 25
570 70
570 42
627 57
570 43
570 40
571 29
575 46
575 52
575 54
577 56
578 55
579 45
580 47
580 63
580 70
689 63
580 63
580 45
580 45
582 48
583 50
584 57
585 50
585 49
585 55
585 44
586 34
727 53
586 58
586 63
588 48
589 52
590 43
590 50
590 55
590 53
590 49
590 52
590 37
590 50
590 36
724 66
590 60
590 33
591 48
591 50
593 48
594 43
594 38
595 47
595 40
595 34
595 38
595 62
596 37
452 39
598 55
598 55
598 34
598 50
599 33
599 56
599 45
599 55
599 50
599 51
599 70
600 32
600 49
627 57
600 32
600 51
600 49
600 47
600 64
600 51
600 65
600 52
602 50
602 49
603 53
604 60
605 60
627 57
605 32
606 57
607 40
609 35
609 56
610 61
610 46
610 45
610 45
611 49
612 68
612 38
615 26
724 66
615 48
617 53
617 51
618 49
619 53
620 53
620 51
620 64
620 46
620 69
620 52
620 53
621 26
425 28
623 67
624 46
625 45
625 50
627 67
627 65
627 30
627 57
627 62
628 46
630 51
630 58
630 52
724 66
630 58
630 61
630 43
631 62
634 60
634 51
634 53
634 47
635 53
635 38
635 36
635 67
635 51
452 39
637 36
638 45
640 62
640 50
640 48
640 61
640 67
640 44
640 62
640 70
640 66
640 35
641 50
641 53
641 50
642 64
644 47
644 59
645 59
645 57
645 46
645 54
646 71
646 50
647 59
647 61
648 55
724 66
648 55
649 44
649 56
649 33
649 62
649 54
650 44
650 58
650 44
650 56
650 40
650 43
650 67
627 57
650 52
650 54
650 49
650 59
651 69
651 71
652 46
653 54
654 62
655 56
655 61
655 57
655 60
727 53
655 60
656 60
656 55
657 46
657 42
658 44
659 55
659 48
660 51
660 46
660 47
660 38
660 45
689 63
661 66
661 46
665 57
665 48
665 69
666 73
667 44
667 73
669 41
670 39
670 59
671 68
674 49
727 53
675 51
675 56
675 51
676 80
677 58
679 46
680 67
680 45
680 76
681 26
681 50
681 57
682 58
689 63
682 60
684 67
684 73
684 40
685 54
686 63
686 56
687 67
690 70
690 61
690 57
690 38
690 49
724 66
690 49
690 46
690 35
690 72
690 57
690 72
691 69
692 42
692 61
693 45
693 75
695 66
695 40
627 57
695 72
695 38
696 68
698 53
699 63
699 67
699 43
700 56
700 64
700 69
700 63
700 70
700 58
582 48
701 82
702 51
703 51
704 55
705 41
707 58
710 44
710 70
710 48
710 66
711 81
711 48
711 60
747 70
711 48
711 69
713 46
713 65
715 67
715 55
716 80
720 78
720 68
720 54
722 46
724 66
725 51
689 63
726 41
727 53
728 100
728 71
730 45
730 72
730 40
730 66
731 86
731 68
732 63
734 70
734 68
689 63
735 60
736 77
736 68
737 51
739 77
740 71
742 66
742 71
743 73
745 43
745 64
746 90
746 39
724 66
747 70
749 70
750 69
750 60
750 46
750 66
750 66
750 60
750 67
752 76
753 63
753 71
755 66
724 66
757 69
760 62
760 53
760 49
760 80
763 70
765 70
765 59
766 70
770 59
770 73
770 76
779 78
747 70
780 67
780 48
781 39
782 77
784 55
785 68
789 82
790 65
790 63
790 76
790 80
790 83
790 79
727 53
795 71
795 72
795 57
795 79
799 70
799 72
799 70
800 59
800 99
800 73
801 38
802 78
804 43
627 57
805 75
807 78
808 75
808 75
809 72
809 63
812 57
814 73
814 84
817 70
819 70
819 55
820 80
425 28
820 50
820 97
822 65
822 69
822 73
825 66
825 75
830 81
830 50
830 79
830 50
830 65
830 70
747 70
831 78
831 94
831 79
832 70
835 67
836 73
837 82
837 68
838 78
841 70
844 81
845 69
845 65
727 53
847 84
848 70
849 68
850 77
850 82
850 103
850 71
850 68
850 57
852 69
852 68
854 81
854 68
582 48
855 80
856 60
860 69
862 84
863 80
866 63
867 85
868 79
869 82
870 84
870 83
870 74
870 87
425 28
872 87
876 57
876 75
878 72
878 80
879 74
880 71
880 69
885 46
885 75
889 91
890 65
890 80
641 53
890 79
890 99
892 94
892 84
895 90
898 61
900 85
907 66
908 80
911 59
913 92
913 89
929 57
727 53
930 68
938 85
940 80
947 86
948 61
949 74
950 85
950 91
950 77
951 99
957 93
960 90
960 87
727 53
960 73
961 90
969 66
979 69
980 78
990 89
990 74
995 104
1000 80
1002 101
1003 85
1009 58
1040 85
727 53
1040 76
1051 100
1067 90
1072 87
1092 94
1095 88
1100 120
1112 88
1120 78
1140 73
1146 90
1170 95
1189 83
641 53
1194 104
1195 105
1205 101
1207 94
1215 122
1225 93
1235 97
1274 88
1275 112
1278 96
1285 113
1313 117
1375 96
627 57
1380 104
1385 82
1395 126
1400 90
1412 89
1415 120
1477 148
1480 90
1485 122
1500 77
1500 68
1565 164
1600 87
425 28
1618 171
1670 146
1700 176
1750 110
1760 136
1797 198
1820 172
1870 146
1940 163
2120 201
2300 235
