895 annonces au total
Prix moyen au m²: 15€
Prix Surface
470 18
303 23
310 11
313 13
322 15
325 14
325 14
330 10
332 17
345 16
350 14
350 13
350 18
352 13
631 40
355 17
355 17
360 30
360 15
360 18
365 15
370 14
370 14
370 17
375 17
375 15
375 18
377 15
631 40
380 15
380 14
380 27
381 16
392 30
394 18
394 17
395 25
395 18
395 17
397 17
400 16
400 22
550 25
400 20
400 22
400 16
400 10
400 17
405 27
405 28
405 18
410 24
410 18
411 30
415 12
417 20
550 25
417 17
418 21
420 27
420 20
420 18
420 20
420 18
420 17
420 29
420 20
420 18
420 24
420 16
550 25
420 11
420 23
420 28
424 15
424 22
425 22
425 26
430 18
430 18
430 18
433 14
435 15
435 26
1120 60
435 22
435 26
435 100
435 32
439 26
440 20
440 19
440 19
440 28
440 18
440 13
440 16
443 18
990 50
444 20
445 14
445 25
445 13
446 18
448 27
448 24
449 28
450 17
450 21
450 31
450 19
450 22
1120 60
450 18
450 17
450 17
450 23
450 19
450 17
450 19
450 30
450 22
450 23
451 22
452 33
453 26
592 27
455 21
455 23
455 22
455 23
455 18
455 22
457 21
460 25
460 45
460 22
460 22
460 28
460 28
592 27
460 28
460 28
460 26
463 26
465 17
465 26
468 19
469 25
470 21
470 25
470 30
470 18
395 17
470 27
470 26
470 17
471 27
472 23
472 26
474 25
475 28
475 31
475 16
475 24
480 22
480 30
631 40
480 24
480 17
480 22
480 25
480 22
480 31
480 18
480 37
480 26
480 20
482 27
484 27
485 18
395 17
485 22
485 21
486 29
486 24
486 29
487 38
487 34
488 18
488 21
489 27
489 22
489 27
490 21
2040 80
490 29
490 27
490 21
490 18
490 28
490 31
490 20
490 20
490 28
490 28
491 32
493 24
494 32
990 50
495 26
495 22
495 25
495 16
495 23
495 30
495 27
495 22
495 24
495 24
495 24
495 25
495 40
631 40
495 24
495 32
495 25
495 23
495 28
496 35
496 25
496 30
497 25
497 22
497 27
498 31
499 31
395 17
500 37
500 23
500 25
500 22
500 27
500 20
500 30
500 26
500 16
500 19
500 31
500 28
592 27
500 28
500 22
500 21
500 21
500 25
504 26
505 22
505 25
505 26
505 21
506 30
507 24
508 32
540 25
508 27
508 36
508 20
509 29
509 32
509 18
510 28
510 24
510 24
510 31
511 26
511 27
513 34
592 27
514 27
514 27
515 23
515 32
515 35
515 23
515 27
516 27
516 18
520 36
520 28
520 21
520 17
540 25
520 18
520 30
520 27
520 31
520 18
520 29
522 31
522 30
525 18
525 30
525 19
525 31
525 29
2040 80
525 26
525 23
525 32
525 35
525 29
526 33
527 33
527 27
527 40
528 38
528 29
530 30
530 31
550 25
530 38
530 19
530 33
530 27
530 22
530 40
530 28
530 29
531 25
531 29
531 28
532 30
533 36
540 25
534 26
535 52
535 36
535 31
535 28
535 19
535 34
535 34
535 39
536 31
536 36
536 29
538 37
1120 60
540 41
540 25
540 43
540 36
540 23
540 38
540 26
540 40
541 40
543 32
545 31
545 27
545 29
2040 80
545 36
545 31
545 24
545 28
545 31
545 32
550 33
550 41
550 25
550 35
550 21
550 27
550 27
2040 80
550 41
550 25
550 50
555 53
555 27
555 29
555 27
558 33
558 50
560 28
560 24
560 45
560 35
395 17
560 29
560 28
560 33
560 49
560 38
562 37
564 31
565 34
565 31
565 42
570 33
570 43
570 29
540 25
573 35
573 38
574 32
574 43
575 26
575 32
575 34
575 27
575 28
580 30
580 30
580 48
580 20
395 17
582 45
585 20
590 36
590 48
590 26
590 49
590 49
590 48
590 37
590 30
590 36
590 44
592 27
990 50
592 27
594 37
595 28
595 37
595 28
595 50
595 40
595 45
595 33
596 35
597 45
598 34
599 33
631 40
600 31
600 34
600 32
600 36
600 27
600 26
600 40
600 48
600 30
600 44
605 38
605 27
605 32
631 40
605 39
607 31
610 26
610 30
610 30
610 42
610 37
612 41
614 51
615 49
615 40
615 48
617 42
540 25
617 37
619 34
620 28
620 44
620 25
620 28
620 34
620 40
620 42
620 36
621 32
621 43
625 48
550 25
625 41
625 38
626 26
627 37
628 47
628 44
628 42
630 48
630 55
630 45
630 58
630 41
630 30
395 17
631 31
631 49
631 42
631 40
632 42
634 43
634 31
635 43
635 29
635 29
636 49
640 48
640 31
550 25
640 48
640 46
640 35
640 50
640 66
645 45
645 41
645 58
646 35
648 30
649 40
649 40
650 52
540 25
650 52
650 33
650 40
650 46
650 43
650 41
650 40
650 35
650 37
650 46
650 33
650 24
650 37
1120 60
650 37
653 65
653 42
655 44
655 52
656 35
657 35
658 43
660 36
660 44
660 39
660 70
660 38
1120 60
660 39
665 46
665 44
665 47
665 53
666 51
668 49
668 50
670 44
670 67
671 43
675 67
676 37
540 25
678 46
679 33
680 39
680 64
680 30
684 56
685 39
690 50
690 43
690 48
690 56
695 46
695 54
1120 60
695 54
698 45
699 45
699 46
699 55
700 43
700 46
700 38
700 45
700 58
700 53
700 60
700 57
550 25
702 67
702 62
704 53
705 37
705 82
706 29
710 59
710 73
714 50
714 50
715 52
719 50
720 47
592 27
720 33
720 52
720 51
720 60
720 45
725 62
730 90
730 54
730 54
730 52
735 66
735 39
735 48
540 25
736 41
739 43
744 62
748 52
749 56
749 61
750 38
750 67
750 30
750 40
750 35
750 35
750 73
631 40
750 35
750 41
753 65
757 40
757 59
759 61
760 53
760 65
760 66
760 52
760 41
760 68
761 45
540 25
765 62
765 62
765 48
765 50
768 66
770 68
770 59
770 47
775 47
775 66
780 53
780 79
780 68
990 50
780 68
780 56
785 69
790 60
790 69
790 75
790 68
790 48
790 66
790 47
790 60
793 62
795 61
550 25
795 64
796 70
796 70
799 70
800 42
800 57
800 21
800 93
800 66
800 46
800 73
802 65
805 66
550 25
805 63
805 61
810 45
810 50
810 41
815 60
816 67
819 62
820 66
820 64
820 63
820 45
820 69
631 40
820 69
821 54
822 53
829 98
840 57
840 66
840 63
845 64
848 66
850 70
850 64
850 68
850 67
395 17
850 63
850 67
855 73
858 113
860 68
860 69
860 74
860 57
865 56
865 67
866 67
866 89
870 72
990 50
870 72
870 61
870 56
870 81
870 68
872 86
874 61
875 56
875 50
877 43
878 79
880 58
1120 60
880 60
880 65
880 64
882 70
885 76
890 61
890 70
890 70
890 74
890 62
891 62
892 55
895 73
631 40
897 77
899 70
899 70
900 88
900 76
900 74
900 93
904 66
905 75
907 50
910 52
910 72
912 88
2040 80
912 88
914 62
916 68
920 69
920 69
920 84
921 81
925 74
931 69
932 64
940 71
943 73
945 63
2040 80
946 68
948 68
950 67
950 67
950 87
950 45
950 45
959 59
959 59
961 67
962 62
966 80
980 70
550 25
985 85
990 86
990 68
990 68
990 50
994 76
997 86
1004 97
1006 109
1015 75
1015 73
1016 108
1030 63
990 50
1040 76
1050 82
1050 70
1050 68
1050 71
1060 61
1070 99
1091 70
1100 78
1100 79
1110 75
1115 68
1115 68
1120 60
1115 68
1115 86
1130 74
1135 87
1142 100
1150 90
1160 89
1170 60
1190 66
1200 65
1200 65
1200 65
1200 65
550 25
1200 84
1220 72
1242 77
1245 108
1252 87
1255 76
1257 90
1275 93
1290 90
1290 62
1310 97
1359 90
1359 90
1120 60
1367 88
1372 79
1380 73
1380 85
1400 120
1400 120
1410 88
1415 86
1480 117
1490 81
1500 107
1500 78
1560 73
990 50
1560 73
1628 150
1630 70
1700 99
1800 80
1900 130
2010 148
2040 80
2130 188
2130 133
2149 148
2180 144
2200 148
540 25
2550 115
