1032 annonces au total
Prix moyen au m²: 11€
Prix Surface
454 35
220 12
240 18
247 17
250 14
250 15
275 14
281 18
285 16
290 21
291 11
294 21
295 13
530 18
295 17
299 19
300 13
300 16
300 19
300 20
315 18
315 21
316 27
319 28
320 18
320 23
320 20
700 75
322 24
324 22
325 27
325 20
325 19
326 18
330 25
330 15
330 19
330 21
330 16
335 30
335 11
700 78
335 30
335 21
335 11
336 21
338 29
339 22
340 21
340 19
340 21
340 18
344 24
345 18
345 21
545 49
345 18
345 16
345 20
349 20
350 30
350 30
350 36
350 40
350 18
350 12
350 12
350 25
350 22
545 49
350 22
350 28
350 22
350 20
351 24
352 33
353 17
355 29
355 22
355 29
355 22
355 31
355 25
530 18
355 25
360 36
360 23
360 18
360 33
360 31
360 22
360 23
360 35
361 32
363 23
363 25
365 29
700 75
365 24
365 27
365 29
365 25
365 14
365 31
370 25
370 33
370 27
370 23
370 23
370 22
370 34
700 78
370 34
370 22
370 22
370 25
370 36
370 19
372 34
373 32
373 17
373 31
374 50
375 17
375 20
545 49
375 27
375 25
375 20
375 27
375 21
375 28
376 28
376 27
376 27
379 18
380 32
380 22
380 17
620 68
380 32
380 30
380 22
380 19
380 26
380 16
380 20
380 26
380 24
380 16
380 40
382 28
383 32
390 27
385 26
385 19
385 23
385 33
385 50
385 18
385 34
385 37
385 26
385 28
385 30
387 35
387 30
545 49
387 25
388 26
389 30
389 23
389 24
390 15
390 36
390 35
390 26
390 17
390 27
390 32
390 25
700 78
390 27
390 25
390 24
390 13
390 20
390 27
392 37
392 28
393 26
395 25
395 23
395 38
395 19
700 75
395 19
395 30
395 35
395 24
395 24
395 40
395 26
396 34
397 20
399 33
399 20
400 20
400 40
390 27
400 27
400 40
400 40
400 13
400 33
400 49
400 40
400 38
400 30
400 27
400 18
400 40
390 27
400 40
400 26
403 31
404 28
405 37
405 35
405 30
405 25
406 31
407 26
407 26
410 28
410 22
840 90
410 33
410 22
410 32
410 26
410 42
410 25
410 35
411 28
412 38
413 32
415 18
415 20
415 35
545 49
415 31
415 40
415 27
415 32
415 34
415 20
415 19
415 31
416 39
416 26
419 21
420 29
420 25
620 68
420 29
420 55
420 36
420 30
420 23
420 25
420 42
420 32
420 26
420 35
420 54
423 30
423 31
545 49
425 31
425 58
425 45
425 23
425 26
425 20
425 32
425 37
425 31
427 39
428 33
430 18
430 48
530 18
430 26
430 28
430 55
430 25
430 18
430 37
430 38
430 24
430 48
430 39
430 31
430 35
430 25
545 49
431 31
432 37
433 32
435 35
435 46
435 57
435 20
435 30
438 34
439 23
440 25
440 40
440 31
390 27
440 30
440 48
440 43
440 20
440 18
440 32
440 31
440 29
442 25
443 28
443 43
445 27
445 34
390 27
445 20
447 30
447 37
448 30
449 26
450 35
450 21
450 22
450 37
450 32
450 36
450 36
450 25
700 75
450 35
450 37
450 39
450 20
450 48
450 36
450 35
450 24
450 30
450 52
450 37
452 41
454 35
700 78
454 35
455 41
455 30
455 42
455 53
455 33
455 50
455 49
458 33
458 33
459 61
460 36
460 43
530 18
460 37
460 43
460 26
460 43
460 26
460 34
460 23
461 36
465 28
465 40
465 41
465 35
465 24
840 90
465 40
466 40
469 43
470 33
470 30
470 29
470 33
470 44
470 50
470 52
475 28
475 35
475 20
840 90
475 50
475 36
475 30
475 33
475 57
477 27
480 31
480 24
480 36
480 34
480 40
480 27
480 36
700 78
480 27
480 40
480 52
481 41
481 47
481 33
483 40
485 47
485 38
485 27
485 38
485 42
486 27
700 75
488 34
490 35
490 34
490 27
490 40
490 61
490 50
490 33
490 37
490 55
490 40
490 25
490 37
700 75
490 38
490 37
490 48
491 41
494 33
495 50
495 21
495 45
495 53
495 74
496 39
497 44
498 55
620 68
499 27
499 40
499 40
499 52
500 51
500 30
500 30
500 47
500 47
500 17
500 32
500 40
500 35
620 68
500 37
500 53
500 32
500 35
500 51
500 51
500 54
500 61
500 37
503 37
505 41
505 40
505 41
620 68
505 55
506 45
506 30
510 36
510 45
510 43
510 40
510 44
510 42
510 45
510 44
510 59
514 48
390 27
520 30
520 38
520 40
520 51
520 37
520 42
520 27
520 44
520 58
520 66
520 42
521 45
525 49
390 27
525 53
525 52
525 45
525 52
526 30
530 22
530 53
530 38
530 26
530 36
530 40
530 38
530 28
840 90
530 28
530 45
530 48
530 35
530 18
532 43
532 47
532 43
535 25
535 50
535 51
535 40
535 55
390 27
535 54
538 59
538 52
540 60
540 59
540 46
540 100
540 37
540 56
540 68
540 60
540 45
540 50
700 75
540 50
540 51
540 47
541 43
543 52
544 55
545 56
545 50
545 26
545 42
545 67
545 50
545 49
840 90
546 43
549 70
549 49
550 38
550 44
550 51
550 61
550 50
550 61
550 61
550 61
550 41
550 55
700 78
550 50
550 52
550 44
550 65
550 44
550 36
550 42
550 36
550 50
550 61
550 64
550 50
550 40
700 75
553 44
555 59
555 63
555 48
555 53
556 42
556 44
558 46
560 64
560 64
560 46
560 60
560 60
620 68
560 60
560 73
560 50
560 64
560 52
562 47
563 37
565 35
565 50
566 46
566 45
567 67
700 78
570 50
570 53
570 58
570 40
570 44
570 72
570 64
570 49
570 50
570 57
574 48
575 51
575 47
390 27
575 47
575 55
579 51
580 66
580 64
580 50
580 48
580 51
580 48
580 49
580 55
582 63
585 53
545 49
587 37
588 50
589 47
590 59
590 51
590 60
590 41
590 40
590 50
590 37
590 58
590 58
590 52
545 49
590 39
590 53
592 36
593 50
593 74
594 49
595 60
595 60
595 60
595 54
595 43
595 42
599 56
700 78
599 58
599 56
600 62
600 53
600 73
600 55
600 64
600 55
600 46
602 66
602 45
603 43
604 64
545 49
605 63
605 69
605 22
605 80
607 57
610 67
610 54
610 60
610 65
615 58
615 73
615 49
615 45
700 78
615 49
615 45
615 62
616 56
616 47
620 59
620 70
620 64
620 50
620 50
620 70
620 54
620 40
840 90
620 69
620 70
620 40
620 68
625 66
625 34
629 64
630 58
630 65
630 55
630 51
630 65
630 27
545 49
632 37
632 61
635 80
635 50
635 60
637 64
640 59
640 67
640 65
640 57
640 80
640 65
641 55
700 78
641 55
644 53
645 82
645 55
645 53
645 65
645 70
649 67
650 68
650 37
650 72
650 70
650 67
545 49
650 67
650 72
650 39
650 74
650 50
650 75
650 39
650 31
650 70
650 72
650 76
650 51
652 85
700 75
652 85
654 66
655 49
655 93
655 56
655 38
660 70
660 70
660 61
660 85
660 65
663 53
665 57
620 68
665 77
665 88
665 76
667 84
668 84
670 67
670 67
670 80
675 76
675 70
675 42
675 41
675 42
700 78
675 42
678 60
680 64
680 48
680 67
680 71
680 63
684 62
685 64
685 64
685 76
685 65
687 64
700 75
690 66
690 70
690 66
690 70
690 73
690 70
690 72
693 58
695 58
695 65
695 58
695 61
695 64
530 18
697 64
699 90
700 60
700 42
700 80
700 47
700 72
700 74
700 79
700 75
700 78
705 59
705 85
700 78
708 58
710 86
710 46
710 80
713 79
713 84
715 32
715 72
715 60
715 89
715 62
715 62
720 65
700 78
720 65
720 68
723 100
725 69
725 39
725 77
725 65
730 86
730 60
730 75
730 68
735 71
735 45
390 27
735 45
735 79
737 83
738 75
740 103
745 103
749 72
750 85
750 85
750 72
750 59
750 51
751 60
390 27
752 69
752 69
755 79
760 63
760 95
765 66
770 80
770 70
770 81
770 52
773 54
775 86
775 63
840 90
775 86
778 92
779 85
780 75
780 81
780 99
782 66
790 69
790 86
792 59
795 62
795 60
795 81
840 90
798 74
799 93
800 95
800 71
800 86
800 88
800 48
804 89
805 86
810 73
815 67
820 64
820 59
545 49
825 100
828 64
840 75
840 90
843 87
844 110
844 110
847 89
850 76
850 88
850 75
850 87
850 78
700 75
850 87
850 90
850 76
850 100
860 103
865 83
873 66
875 81
875 100
880 99
880 122
885 99
885 115
700 75
890 84
890 80
895 78
900 80
900 72
900 86
910 110
910 105
910 82
915 80
925 105
928 85
930 82
390 27
935 90
940 85
949 72
950 88
950 100
952 87
960 72
965 125
975 50
975 100
978 81
979 100
985 97
390 27
990 83
990 87
990 88
990 69
990 94
990 87
1000 87
1000 105
1000 106
1000 120
1000 94
1000 85
1028 87
545 49
1030 114
1030 112
1085 101
1090 114
1105 126
1130 100
1145 195
1175 150
1178 100
1200 100
1250 100
1290 97
1290 130
620 68
1400 146
1485 132
1500 180
1515 150
1530 145
1530 111
1550 168
1667 110
1800 164
2180 212
2195 196
2700 175
