215 annonces au total
Prix moyen au m²: 13€
Prix Surface
730 49
339 13
345 22
347 34
350 25
357 22
361 25
361 20
361 24
365 21
370 13
375 90
377 17
378 22
379 22
380 20
384 15
389 18
394 22
394 18
395 28
398 26
399 21
400 25
405 32
415 22
415 30
419 18
420 18
421 27
425 28
428 20
430 29
430 21
430 29
430 20
435 21
438 32
439 19
440 23
446 27
450 30
452 26
454 31
455 21
457 17
457 34
461 26
470 30
471 33
478 26
480 23
485 38
485 46
489 27
493 28
498 39
498 29
499 32
500 39
500 24
500 35
500 34
500 30
503 36
505 37
507 30
509 44
510 42
510 42
510 29
510 42
515 45
515 38
516 38
516 39
517 30
517 42
519 42
520 23
522 39
523 44
523 44
524 34
524 35
525 42
525 45
525 42
530 40
530 45
530 40
537 45
539 48
541 42
541 40
542 41
543 38
545 40
545 33
545 38
546 45
546 40
546 38
549 36
550 21
550 24
550 43
555 21
555 39
555 40
556 61
558 42
560 40
561 36
562 42
563 40
564 45
566 34
573 43
574 49
574 48
575 38
578 39
580 44
582 43
584 40
585 54
585 39
590 36
590 33
590 52
592 32
593 40
596 45
597 46
598 36
599 43
600 40
603 54
605 51
608 26
610 24
610 45
620 53
625 54
633 58
635 43
640 57
640 65
651 63
656 64
660 44
660 43
662 62
664 59
665 61
665 61
665 63
679 58
683 73
684 57
695 55
700 67
700 67
703 70
705 63
709 65
710 50
719 64
719 64
720 58
720 53
725 62
727 64
730 49
730 63
731 61
731 60
737 63
739 52
740 63
749 67
749 82
750 55
750 67
750 54
753 69
765 73
765 73
775 58
780 63
799 61
800 67
815 80
821 69
825 63
828 67
856 80
858 79
875 42
890 75
900 57
904 76
905 76
915 59
970 85
1029 83
1050 81
1125 45
1165 93
1276 131
1300 90
1350 78
1460 112
1980 130
