569 annonces au total
Prix moyen au m²: 11€
Prix Surface
446 37
215 12
225 13
287 19
295 24
299 17
395 25
300 27
300 16
300 18
300 17
306 23
307 13
312 21
313 18
427 28
320 19
320 16
325 21
330 29
330 17
330 18
333 24
334 21
335 24
395 25
335 24
340 28
340 19
340 15
340 22
340 20
340 19
340 21
341 21
342 23
344 20
345 17
847 76
349 26
349 26
350 21
350 32
350 31
350 12
350 19
350 20
351 23
352 26
354 25
355 24
427 28
359 25
360 19
360 25
360 28
360 24
362 13
363 33
364 29
365 26
365 21
847 76
369 21
370 19
370 25
370 24
370 26
372 23
375 19
375 25
375 18
376 35
378 23
380 30
847 76
382 30
384 30
385 23
385 25
386 28
387 30
387 24
388 21
390 34
390 27
390 28
395 26
395 25
395 27
395 39
395 26
395 26
395 33
395 28
395 26
395 24
395 27
396 23
396 18
397 28
399 28
427 28
399 28
399 28
400 26
400 25
400 20
400 27
400 34
400 24
400 22
400 30
401 27
395 25
402 28
404 33
410 37
410 28
410 24
410 30
410 27
412 32
414 24
415 31
415 39
415 32
847 76
415 32
415 31
415 27
420 25
420 28
424 28
425 40
425 33
425 27
427 28
429 29
429 29
427 28
430 35
430 30
430 34
430 43
430 29
430 18
435 34
435 28
435 29
437 50
439 34
440 48
847 76
440 21
440 25
440 42
440 32
440 33
440 28
440 48
440 35
442 27
443 32
444 42
445 32
445 35
847 76
445 28
445 32
446 28
446 37
446 44
450 30
450 35
450 24
450 34
450 37
450 40
450 30
450 20
395 25
450 30
450 45
450 37
450 46
450 24
450 27
451 35
452 26
455 46
455 34
455 46
455 40
457 25
395 25
459 40
459 49
460 42
460 36
460 35
460 28
460 32
460 45
461 35
463 44
464 49
464 39
395 25
465 25
465 36
465 35
469 46
470 25
470 29
470 39
470 31
470 35
479 34
479 45
480 48
480 18
427 28
480 44
480 27
480 39
480 18
480 37
482 22
484 29
485 35
485 36
486 34
486 39
489 31
427 28
490 37
490 42
490 38
490 46
490 59
494 49
494 35
495 49
495 44
497 37
497 42
498 24
395 25
499 48
499 36
500 41
500 40
500 32
500 39
500 44
500 46
500 40
500 47
501 39
502 40
504 45
427 28
505 38
508 40
510 40
510 37
510 43
510 35
513 38
513 38
515 43
515 40
516 41
847 76
516 41
520 38
520 45
520 55
520 48
522 40
523 40
523 50
525 49
529 37
529 50
529 43
847 76
529 50
530 44
530 39
530 43
530 52
530 38
530 44
530 36
530 42
532 40
540 47
540 30
847 76
540 43
540 46
541 56
542 44
542 41
545 43
545 38
545 50
545 41
545 40
548 47
549 38
549 49
847 76
549 43
550 61
550 46
550 42
550 33
550 40
550 43
550 56
550 46
550 43
550 55
550 40
427 28
550 43
552 46
554 55
555 50
556 47
556 54
558 55
559 50
560 42
560 45
560 50
560 46
563 46
395 25
565 43
565 68
565 53
565 44
565 47
565 52
567 41
570 41
570 50
570 52
570 45
570 46
570 47
395 25
570 47
570 44
571 42
572 44
572 65
574 65
580 47
580 44
580 32
583 56
585 59
585 52
587 43
395 25
588 47
590 53
590 49
590 46
590 49
590 61
590 63
590 47
594 55
594 54
594 62
595 57
595 37
427 28
595 57
595 50
595 60
595 45
599 42
599 60
599 59
600 63
600 66
600 58
605 56
605 57
847 76
605 57
610 50
610 50
610 50
610 61
616 52
620 50
620 54
625 66
625 65
629 63
629 63
630 49
847 76
630 49
630 48
635 54
637 49
637 50
640 53
640 65
643 67
644 54
645 55
645 66
649 62
650 66
395 25
650 55
650 66
650 66
650 58
650 51
650 70
655 59
658 45
660 63
660 60
660 45
660 67
847 76
660 60
660 67
662 66
662 66
663 57
665 59
665 70
665 52
666 58
670 61
670 56
670 63
670 78
395 25
675 80
675 64
675 62
675 60
678 64
678 67
680 62
680 66
680 56
680 68
681 62
685 68
685 61
427 28
685 65
685 66
685 64
685 84
686 70
690 67
690 55
690 64
690 51
695 73
695 73
695 67
695 69
427 28
695 70
699 66
699 75
700 56
700 85
700 67
700 78
700 71
710 57
710 68
710 68
716 72
720 60
395 25
720 69
720 66
720 79
724 65
725 68
730 67
730 80
733 63
734 69
735 71
737 60
749 63
750 61
395 25
750 72
750 80
753 62
758 54
760 62
765 62
770 73
770 71
770 85
777 79
789 77
790 70
790 80
427 28
795 80
800 93
800 69
800 92
818 77
820 83
825 65
830 80
830 79
842 95
847 76
850 111
850 87
847 76
850 86
850 67
860 90
870 81
880 100
880 81
888 70
890 84
892 116
920 94
929 107
949 113
427 28
950 67
950 101
950 107
1000 114
1000 114
1000 122
1017 117
1029 98
1140 134
1140 134
1150 142
1180 167
1200 111
427 28
1200 111
1200 102
1200 123
1500 152
1547 143
1750 181
