273 annonces au total
Prix moyen au m²: 13€
Prix Surface
300 12
300 21
300 18
302 9
315 11
320 11
336 14
349 13
350 64
350 11
350 11
465 20
355 18
355 14
355 23
360 17
360 19
367 16
368 16
369 19
370 15
371 25
372 16
375 20
375 23
465 20
376 28
381 14
383 18
383 19
383 16
385 19
385 16
388 12
390 18
390 19
390 18
394 29
465 20
399 18
400 18
400 22
405 23
405 20
407 28
409 27
410 23
410 28
413 32
414 30
415 25
465 20
419 26
420 26
420 45
420 23
420 20
421 21
425 32
425 23
425 26
430 27
430 23
430 28
465 20
430 22
432 23
432 22
433 29
435 31
435 16
435 33
435 24
437 35
440 18
440 25
440 20
442 21
465 20
442 21
443 23
444 28
445 32
445 23
446 21
447 34
448 23
450 19
450 30
450 26
450 23
450 26
465 20
460 16
460 47
460 24
460 29
460 16
460 23
460 30
465 23
466 32
470 27
470 23
473 43
475 26
465 20
475 28
480 28
480 32
481 35
485 26
489 29
490 30
495 35
495 25
495 20
496 37
497 38
465 20
500 25
500 48
500 37
500 32
500 22
504 47
506 27
506 21
515 41
515 22
520 35
520 32
465 20
520 30
520 38
523 69
528 40
530 35
530 33
531 31
535 40
540 38
543 22
465 20
543 44
545 44
550 36
550 47
550 43
554 44
554 44
555 39
556 46
560 39
562 41
562 45
565 44
465 20
565 43
565 43
566 46
571 45
577 45
580 44
590 48
590 58
590 45
595 55
597 46
600 61
600 60
465 20
608 61
611 66
612 45
612 56
615 31
620 65
623 42
635 59
640 52
642 57
645 47
649 44
653 64
465 20
655 58
660 41
665 59
675 65
675 64
675 59
680 65
685 33
685 67
695 73
695 55
700 60
700 67
465 20
700 62
702 64
705 66
710 66
715 55
715 83
716 46
717 65
718 68
718 65
720 42
720 70
720 55
465 20
720 75
723 65
723 66
730 65
734 68
734 68
735 34
735 58
738 75
740 60
745 62
745 63
751 75
465 20
756 55
760 65
770 63
779 69
780 27
780 65
795 63
800 68
810 64
811 62
830 80
833 79
845 79
465 20
870 75
876 66
885 65
890 77
896 78
911 82
919 81
939 86
942 34
945 126
950 89
963 86
984 90
465 20
1005 64
1007 67
1100 117
1126 91
1150 115
1150 62
1180 96
1200 120
1290 130
1300 72
1309 122
1325 97
465 20
1400 110
1540 131
2402 157
2600 255
