836 annonces au total
Prix moyen au m²: 14€
Prix Surface
630 68
220 15
250 12
260 18
283 16
290 11
295 20
300 22
300 16
300 22
310 15
315 28
315 28
315 19
320 15
320 20
327 24
328 19
330 19
335 17
335 19
335 20
335 19
337 22
339 20
340 16
340 18
340 14
344 30
345 18
345 21
346 19
346 19
347 17
350 23
350 19
350 30
350 23
350 27
350 27
350 30
350 21
351 15
353 20
354 24
354 17
355 22
355 20
357 17
360 75
360 16
360 19
360 26
361 24
361 22
361 23
365 20
367 19
369 25
370 13
370 27
370 20
370 20
370 24
370 17
370 16
370 19
370 27
370 26
370 27
373 18
373 20
375 19
375 21
375 17
375 17
375 23
375 20
376 23
378 25
378 23
380 24
380 25
380 29
380 20
380 18
380 19
380 20
385 18
385 19
385 20
390 20
390 24
390 20
390 21
390 16
390 15
393 22
395 25
395 37
395 16
395 20
395 19
395 35
395 21
395 17
395 20
396 18
397 22
397 23
398 18
398 18
398 17
398 18
400 29
400 25
400 19
400 23
400 23
400 23
400 25
400 16
400 25
400 21
400 18
400 25
400 25
400 32
400 23
400 25
400 20
400 16
400 25
400 22
402 35
403 31
403 30
403 18
403 29
405 28
405 20
407 24
408 22
410 19
410 34
410 14
410 19
410 31
410 19
410 20
412 25
412 25
415 36
415 18
415 33
415 23
415 28
415 26
415 24
415 29
419 24
419 22
420 26
420 16
420 18
420 24
420 13
420 17
420 32
420 28
420 18
420 28
420 17
422 22
422 18
422 20
424 25
425 21
425 25
425 31
425 19
426 47
428 19
429 45
430 23
430 28
430 37
430 26
430 23
430 20
430 19
430 17
430 26
430 24
430 36
431 30
435 36
435 20
435 22
435 31
435 31
435 26
436 32
437 22
438 20
439 28
440 45
440 44
440 22
440 25
440 19
440 16
442 32
443 20
445 25
445 26
445 25
448 23
450 18
450 27
450 22
450 30
450 30
450 30
450 21
450 23
450 35
450 30
450 26
450 17
450 24
450 27
450 18
450 23
450 26
450 27
450 23
450 28
450 50
450 18
450 23
450 26
451 20
452 30
453 38
453 33
453 36
455 31
455 34
455 25
456 31
456 26
457 27
460 24
460 21
460 21
460 34
460 23
460 39
460 32
460 15
460 17
461 21
462 30
463 31
465 26
465 46
465 34
465 36
465 26
466 27
467 30
469 35
469 26
470 17
470 21
470 32
470 25
470 38
470 15
471 31
474 46
475 24
475 33
475 42
478 14
478 45
480 33
480 46
480 34
480 33
480 20
480 33
484 33
485 42
485 37
485 37
485 58
485 28
485 62
486 17
486 33
487 30
487 33
489 46
490 32
490 40
490 32
490 54
490 36
490 37
490 20
490 30
490 32
490 23
490 37
490 33
490 25
490 20
490 38
495 27
495 21
495 42
495 42
495 30
495 38
495 34
495 30
495 26
496 30
497 47
497 25
498 34
498 40
499 35
499 40
499 46
499 29
499 42
499 41
500 51
500 35
500 26
500 31
500 50
500 26
500 51
500 26
500 38
500 39
500 55
500 46
500 43
500 17
501 37
501 41
503 35
503 35
504 39
504 50
505 26
505 45
505 25
505 61
506 36
507 59
507 56
510 32
510 43
510 41
512 38
512 60
515 42
515 37
517 36
517 44
517 32
520 31
520 35
520 39
520 46
520 34
520 41
520 35
520 42
522 35
523 55
523 42
524 69
526 44
527 43
528 50
530 48
530 42
530 46
530 42
530 48
530 35
530 27
530 36
530 28
530 43
530 23
530 35
530 35
530 52
530 43
530 40
530 28
530 50
530 90
530 67
533 51
533 42
535 47
535 54
535 40
537 48
537 35
539 50
540 50
540 45
540 30
540 50
540 26
540 48
540 32
540 40
541 30
542 40
544 27
544 50
545 28
545 46
545 41
546 70
547 48
548 46
548 46
549 43
549 44
549 47
550 46
550 36
550 30
550 35
550 51
550 35
550 65
550 59
551 41
552 54
553 52
553 36
554 41
554 42
555 55
555 40
555 52
555 37
555 37
557 47
557 51
559 75
559 53
559 56
560 54
560 36
560 65
560 34
560 49
560 45
561 68
565 37
565 25
567 51
568 60
570 27
570 46
570 49
570 42
574 60
577 63
580 46
580 48
580 40
581 61
583 56
584 46
585 53
585 38
587 44
589 45
590 48
590 28
590 34
590 50
590 36
590 35
592 48
593 39
595 45
595 35
595 45
595 49
595 45
598 48
599 53
599 66
599 66
600 52
600 38
600 52
600 42
600 54
600 64
600 44
600 46
600 28
600 52
600 41
600 40
600 37
600 40
600 34
600 41
603 59
606 34
607 63
609 44
610 55
610 62
610 61
610 60
611 60
612 50
615 53
615 79
615 39
618 74
619 59
619 63
620 61
620 54
620 40
620 30
620 60
620 30
620 64
620 39
620 47
623 44
624 61
625 39
625 65
625 59
625 64
626 46
626 46
629 54
630 61
630 48
630 68
630 61
630 48
630 59
630 39
631 54
633 53
634 66
635 55
635 66
636 63
636 78
637 38
640 31
640 52
640 45
640 51
644 70
645 68
645 67
645 61
645 50
647 61
648 53
649 48
650 33
650 47
650 52
650 42
650 29
650 70
650 58
650 60
650 62
650 52
650 42
652 59
652 52
655 54
655 56
657 51
658 66
658 47
658 68
660 60
660 61
660 64
660 62
660 56
664 55
670 62
670 59
670 53
674 51
675 62
675 46
675 57
675 52
680 59
680 67
680 61
680 60
685 77
685 55
686 81
686 60
689 71
690 58
690 51
690 67
690 45
690 67
690 38
690 67
690 44
695 51
695 73
695 67
695 60
695 83
695 51
695 58
695 85
695 66
695 60
695 63
697 61
698 75
698 56
699 67
700 77
700 71
700 67
700 52
700 50
700 78
700 78
700 78
700 48
700 100
700 88
705 74
705 76
705 60
705 71
707 69
709 66
709 75
709 63
710 72
711 51
712 46
712 54
713 68
716 59
720 59
720 58
720 65
724 73
725 65
727 85
730 85
730 79
736 95
736 77
738 60
740 67
740 96
745 84
747 67
750 75
750 58
754 82
754 66
755 66
760 67
760 69
760 60
760 66
760 67
765 91
765 65
770 62
770 92
775 76
775 69
780 84
780 67
785 63
785 63
785 70
787 63
790 70
790 50
790 69
790 70
790 85
790 77
795 80
795 70
795 75
795 87
795 80
798 66
799 71
799 65
799 67
800 89
800 59
800 65
800 70
800 60
800 63
800 44
808 70
809 65
810 70
812 68
820 48
820 72
820 72
820 63
820 85
820 60
820 62
821 106
825 111
830 66
830 77
839 99
840 70
840 61
850 82
850 92
854 90
860 91
860 91
860 72
861 87
862 87
865 61
866 74
875 65
875 83
875 70
878 86
882 64
887 99
888 84
890 75
890 95
895 92
895 63
898 82
900 54
902 86
910 73
915 89
925 116
930 105
945 80
950 61
957 89
960 102
970 104
970 92
980 80
980 83
985 71
990 107
990 72
999 78
1000 80
1000 85
1002 128
1009 122
1014 122
1019 128
1023 108
1033 104
1039 80
1040 99
1050 77
1050 93
1050 96
1065 101
1100 103
1100 86
1100 85
1128 92
1137 90
1150 100
1150 97
1160 103
1180 94
1200 120
1225 108
1250 95
1250 85
1252 84
1295 126
1330 82
1378 74
1380 74
1390 144
1400 140
1400 99
1440 88
1550 118
1550 118
1580 140
1600 116
1950 198
66600 200
