1223 annonces au total
Prix moyen au m²: 8€
Prix Surface
450 40
170 9
200 21
205 19
209 25
210 24
210 29
215 25
223 30
224 28
228 23
230 27
231 28
235 34
400 54
237 24
240 22
240 19
240 14
241 23
244 28
247 25
250 26
250 18
250 25
250 26
250 13
250 28
485 74
250 28
250 28
250 25
250 20
250 18
250 17
250 22
253 25
253 51
255 27
255 20
255 46
400 54
255 46
256 42
257 19
258 24
259 32
260 28
260 30
260 26
261 22
262 16
263 30
266 21
270 28
480 86
270 22
271 31
272 41
273 35
273 27
275 29
277 38
277 17
278 26
278 30
280 30
280 37
280 32
480 86
280 34
280 36
280 24
281 16
282 22
284 23
285 18
285 28
285 30
288 19
289 27
290 35
290 26
480 86
290 26
290 32
290 40
290 19
290 18
290 27
290 18
290 20
291 36
292 40
292 25
293 17
295 15
426 66
295 27
295 19
295 18
296 18
298 25
298 24
299 19
299 39
300 27
300 42
300 35
300 34
300 19
480 86
300 19
300 25
300 44
300 35
300 34
300 30
300 27
300 33
300 40
301 21
302 36
302 40
302 30
426 66
302 30
302 15
303 38
303 26
304 37
304 25
305 25
305 29
305 18
305 15
305 35
305 28
485 74
306 30
308 25
308 18
309 40
310 20
310 42
310 38
310 26
310 33
310 36
310 27
310 43
426 66
310 25
310 29
310 42
310 36
312 45
313 22
315 27
315 22
315 34
315 18
315 21
315 38
315 35
480 86
315 38
315 34
315 18
315 44
316 24
316 33
317 37
318 28
319 50
319 20
319 55
320 40
320 43
400 54
320 40
320 43
320 20
320 40
320 30
320 32
320 44
320 23
320 40
321 19
322 34
325 40
400 54
325 27
326 32
326 26
327 31
328 52
329 31
329 18
330 32
330 35
330 28
330 35
330 31
330 28
426 66
330 35
330 28
330 31
330 39
330 28
331 21
331 43
332 43
332 47
332 21
333 30
333 18
333 21
426 66
333 21
333 21
333 22
334 20
335 15
335 24
335 34
335 40
335 123
335 53
335 32
335 22
335 60
426 66
335 36
336 22
336 43
336 58
336 20
337 36
337 38
337 35
339 46
340 30
340 45
340 33
340 23
426 66
340 35
340 18
340 30
340 26
340 15
340 53
340 37
340 33
340 33
340 19
340 26
340 60
340 30
400 54
340 37
341 27
343 36
343 25
345 30
345 27
345 24
345 49
346 27
348 25
349 67
485 74
349 67
349 32
350 66
350 43
350 17
350 12
350 53
350 33
350 25
350 27
350 35
350 29
350 47
480 86
350 64
350 32
350 43
350 23
350 32
350 29
350 16
350 52
350 23
350 12
350 31
350 20
350 47
426 66
350 23
350 32
350 48
350 21
350 37
350 37
350 23
350 35
350 24
350 38
353 39
353 27
354 32
480 86
355 23
355 35
355 33
355 32
355 34
355 27
355 55
355 30
355 53
355 33
355 32
357 26
357 40
400 54
358 45
358 23
359 39
359 36
360 26
360 28
360 45
360 27
360 33
360 50
360 33
360 110
360 44
485 74
360 32
361 21
362 39
362 50
364 55
364 40
365 33
365 35
365 50
365 43
366 34
367 41
370 55
426 66
370 29
370 45
370 20
370 33
370 47
370 27
370 24
370 40
371 39
373 38
374 42
374 40
375 52
426 66
375 31
375 62
375 45
375 27
376 27
377 30
378 52
379 33
379 45
380 60
380 66
380 45
380 24
485 74
380 10
380 32
380 24
380 45
380 52
380 57
380 38
380 39
380 23
380 20
381 55
382 33
383 32
485 74
384 50
385 46
385 28
385 39
385 13
385 27
385 42
385 47
385 28
386 38
387 44
388 60
388 67
485 74
390 46
390 59
390 24
390 41
390 56
390 43
390 35
390 70
390 48
390 49
390 27
390 27
390 47
400 54
390 34
390 70
390 23
390 68
390 49
390 48
390 48
390 74
390 31
391 51
392 45
394 37
395 41
400 54
395 71
395 46
395 55
395 25
395 39
395 41
395 45
395 61
395 57
395 80
395 24
396 35
400 54
396 41
398 46
398 47
398 49
399 53
399 45
399 60
399 56
399 58
400 43
400 34
400 64
400 32
400 54
400 34
400 59
400 45
400 40
400 77
400 34
400 56
400 48
400 53
400 37
400 59
400 50
485 74
400 50
400 54
400 34
400 48
401 60
402 55
403 70
405 40
405 69
405 46
405 55
405 57
406 45
426 66
406 45
408 43
409 45
410 31
410 56
410 45
410 52
410 55
410 62
410 72
415 57
415 40
415 47
426 66
415 25
415 65
415 39
415 40
415 55
416 70
418 26
419 47
420 32
420 40
420 54
420 41
420 52
400 54
420 41
420 33
420 32
420 46
420 26
420 40
420 54
420 58
420 63
420 55
420 47
421 84
422 51
400 54
423 25
424 45
425 45
425 67
425 49
425 54
425 27
425 70
425 42
425 42
425 46
425 33
400 54
425 40
426 66
426 56
427 49
430 49
430 31
430 45
430 47
430 48
430 56
430 50
430 61
485 74
430 44
430 42
430 39
430 45
430 47
430 48
430 69
430 72
430 38
430 76
430 72
431 40
431 62
485 74
431 40
432 61
433 53
433 67
434 59
435 55
435 67
435 41
435 63
435 55
435 31
435 50
400 54
437 46
440 66
440 47
440 47
440 75
440 66
440 72
440 50
440 56
440 33
440 24
440 40
400 54
440 66
440 56
440 70
440 47
441 53
444 42
444 63
445 50
445 68
445 50
445 60
445 56
445 50
400 54
448 50
448 79
449 54
450 55
450 77
450 55
450 35
450 43
450 65
450 21
450 45
450 31
450 77
426 66
450 55
450 77
450 41
450 40
450 44
450 65
450 57
450 77
450 31
450 80
450 79
485 74
450 44
450 65
450 65
450 41
450 65
450 55
450 79
450 50
450 72
450 34
450 62
450 32
480 86
452 66
452 61
454 44
455 44
455 48
455 66
455 62
455 42
455 50
455 47
457 66
460 65
460 45
426 66
460 42
460 65
460 52
460 54
460 65
460 55
460 59
460 59
460 34
460 40
461 46
462 71
462 74
485 74
462 74
464 63
465 51
465 72
465 54
465 70
465 56
465 36
465 33
465 86
465 50
465 33
465 49
485 74
466 76
466 77
466 47
467 48
470 65
470 64
470 68
470 45
470 54
470 45
470 66
470 64
470 68
485 74
470 68
470 64
470 64
470 66
470 49
470 63
470 50
475 63
475 65
475 67
475 51
475 50
485 74
475 50
475 35
475 35
475 40
475 51
476 74
477 75
478 63
478 46
478 42
478 49
480 65
480 82
480 86
480 71
480 38
480 51
480 60
480 72
480 43
480 74
480 58
480 56
480 57
480 41
480 50
480 60
480 86
480 57
480 70
480 63
482 35
483 36
483 75
485 58
485 73
485 55
485 72
485 74
486 84
488 50
426 66
490 79
490 50
490 70
490 53
490 50
490 55
490 65
490 65
490 60
490 55
490 71
490 60
490 79
485 74
490 55
490 53
490 63
491 73
491 68
492 78
494 43
495 46
495 52
495 63
495 65
495 42
495 48
426 66
495 65
495 42
495 52
500 51
500 49
500 78
500 41
500 56
500 89
500 65
500 60
500 63
500 62
480 86
500 51
500 60
500 72
500 48
500 65
500 40
500 78
500 90
500 50
501 53
501 64
502 93
504 67
400 54
505 63
505 81
505 47
508 85
508 41
510 54
510 57
510 86
510 86
510 60
510 50
510 48
510 81
400 54
510 50
510 60
510 48
510 70
510 75
513 46
515 56
515 55
515 57
515 78
515 58
516 51
516 72
400 54
516 44
517 68
518 62
520 50
520 65
520 78
520 67
520 110
520 67
520 63
520 75
520 62
520 50
485 74
520 48
520 56
525 62
525 47
525 60
525 49
528 67
529 70
530 112
530 96
530 49
530 65
530 43
485 74
530 77
530 43
530 65
530 45
530 89
530 70
530 62
530 68
530 60
530 57
530 82
530 66
531 82
485 74
532 85
535 56
535 77
535 82
535 71
535 110
536 102
540 58
540 69
540 80
540 56
540 70
540 70
485 74
540 71
540 56
540 53
540 64
540 93
542 58
542 51
544 56
545 65
545 46
545 93
545 70
545 86
426 66
545 86
548 78
550 83
550 55
550 75
550 53
550 53
550 43
550 57
550 144
550 62
550 71
400 54
550 57
550 61
550 80
550 73
550 73
550 71
550 88
550 62
551 69
553 75
554 65
555 58
555 80
426 66
555 80
555 55
557 59
560 65
560 57
560 47
560 90
560 75
560 95
560 58
560 63
560 53
485 74
561 104
565 58
570 53
570 55
570 98
570 110
570 76
570 59
570 60
570 83
570 64
570 55
570 68
485 74
570 61
571 63
572 52
573 79
573 71
573 62
574 77
575 75
575 80
575 75
576 108
580 73
580 62
400 54
580 70
580 64
580 74
580 83
582 56
585 54
589 62
590 80
590 120
590 74
590 71
590 53
400 54
591 63
595 65
595 71
595 75
595 91
595 58
596 83
597 82
600 92
600 91
600 100
600 72
600 65
485 74
600 65
600 104
603 75
607 75
608 118
608 97
610 65
610 1
610 95
611 71
611 90
613 82
614 74
480 86
615 80
615 57
615 58
615 80
615 70
619 60
620 84
620 77
620 70
620 75
620 92
620 116
621 75
400 54
622 75
625 74
625 73
625 70
630 109
630 73
630 80
631 113
635 67
635 85
640 116
640 116
400 54
640 119
640 67
640 73
640 103
640 75
640 120
643 61
644 72
645 80
650 93
650 75
650 82
650 132
485 74
650 76
650 57
650 76
650 86
650 93
650 83
650 75
650 83
650 82
650 98
652 116
653 64
655 65
400 54
660 54
660 78
660 59
660 83
660 73
660 90
660 83
662 87
665 65
665 63
670 76
671 120
675 136
426 66
675 65
675 136
680 106
680 116
680 78
685 70
685 77
685 112
687 67
690 80
690 75
690 74
694 65
485 74
695 70
695 64
695 76
695 64
695 65
695 66
695 73
698 88
700 79
700 80
700 106
700 93
705 67
485 74
706 73
710 105
716 132
718 110
725 64
725 91
729 87
730 70
730 97
730 74
730 99
730 87
732 71
480 86
733 84
740 122
745 79
746 86
750 145
756 103
760 84
760 70
760 84
770 94
770 80
770 72
770 108
480 86
772 96
775 124
775 157
780 90
780 99
782 96
790 116
790 100
795 148
795 105
800 87
810 86
810 122
485 74
818 95
820 107
840 92
844 78
850 150
850 78
850 120
850 114
850 120
850 110
860 122
867 64
870 89
480 86
885 105
890 138
890 109
895 155
900 130
900 150
900 123
900 128
910 115
920 83
940 173
950 130
965 140
426 66
990 114
990 150
995 150
1000 150
1000 150
1000 128
1013 130
1045 121
1065 179
1100 189
1100 147
1145 185
1180 280
480 86
1200 174
1250 155
1320 114
1364 121
1445 220
1450 283
1504 133
1590 146
1763 161
1889 171
